99
0 788 164 935 510 746 473 79 6 141 115 24 821 492 405 836 598 336 678 821 777 94 22 814 219 235 93 317 25 441 521 308 795 1000 778 70 151 456 982 814 242 853 676 474 520 800 939 451 75 169 335 57 966 360 497 810 913 980 278 534 917 757 994 316 271 914 65 460 820 862 213 909 123 236 325 537 641 303 902 603 1000 580 265 686 746 107 387 39 947 947 14 250 552 136 36 373 438 649 932 
788 0 87 451 359 183 578 871 683 940 459 352 961 896 133 132 696 762 183 51 822 80 765 485 528 240 786 953 618 251 729 793 12 745 317 654 36 28 149 177 769 741 655 116 548 457 994 655 447 593 756 713 429 353 309 484 737 577 683 858 476 397 746 568 468 90 411 35 73 761 985 939 19 544 122 590 910 302 739 300 694 541 899 837 848 71 657 402 31 681 887 396 6 64 814 335 519 531 350 
164 87 0 528 720 380 47 903 176 7 218 292 870 505 98 735 172 580 318 303 738 207 921 883 193 957 254 856 222 500 181 210 186 633 379 296 39 769 771 64 385 316 480 691 614 819 159 868 877 83 19 746 471 469 55 995 330 627 590 236 965 948 799 623 332 600 455 188 53 519 505 827 780 249 361 69 796 467 875 473 295 71 415 21 415 656 174 192 385 886 947 83 533 560 113 738 601 107 540 
935 451 528 0 964 536 127 657 793 860 513 33 827 404 577 756 82 92 425 933 821 834 472 584 200 980 271 902 450 466 771 840 634 926 935 842 132 15 607 543 965 406 941 32 875 595 885 454 951 704 670 148 416 583 297 431 286 239 20 713 367 379 821 41 209 159 518 323 74 737 723 969 95 917 401 42 815 800 971 222 460 380 765 875 19 535 316 991 195 604 346 575 487 18 515 532 72 239 974 
510 359 720 964 0 722 992 922 847 255 585 357 172 215 305 623 146 736 921 807 591 337 85 867 398 442 206 741 935 868 228 563 927 718 72 63 939 490 456 90 188 425 493 246 952 996 213 719 174 260 236 461 290 548 58 891 134 92 28 514 12 37 425 788 631 171 136 282 950 927 573 151 354 901 963 585 797 829 961 362 460 201 379 420 423 136 715 834 626 584 12 837 828 357 578 793 447 173 141 
746 183 380 536 722 0 456 718 262 105 561 974 125 519 29 630 748 209 843 135 559 288 957 823 179 110 201 948 174 721 998 437 974 158 158 225 561 443 610 596 431 142 832 140 367 38 173 975 147 348 424 998 959 303 583 341 730 687 583 608 729 480 839 685 678 732 472 188 104 593 106 23 800 399 817 160 67 915 431 573 241 287 555 64 870 950 60 238 479 431 799 868 86 366 52 26 511 332 41 
473 578 47 127 992 456 0 10 79 42 320 208 283 834 397 260 387 703 272 960 144 460 728 558 916 543 506 39 305 267 991 189 174 756 421 418 995 327 994 468 681 350 263 41 683 516 960 538 484 187 734 533 215 534 509 664 364 410 691 482 881 717 128 542 678 850 552 896 930 16 267 323 756 447 769 163 714 660 197 916 598 697 336 187 808 277 404 666 775 750 995 351 488 780 947 595 308 376 63 
79 871 903 657 922 718 10 0 649 635 15 501 565 789 265 378 526 113 276 547 854 263 892 965 540 12 797 346 188 154 949 905 831 428 410 981 762 895 692 758 384 851 89 290 514 547 972 886 41 221 829 869 817 4 921 870 340 343 352 541 414 757 173 533 878 62 80 754 544 945 48 681 104 282 677 728 774 797 562 344 992 695 414 960 79 482 737 217 872 807 415 888 509 616 776 857 796 838 469 
6 683 176 793 847 262 79 649 0 640 431 172 111 542 250 196 496 405 970 639 68 793 601 991 993 637 509 218 266 246 264 737 711 134 578 903 208 757 824 472 331 965 702 515 41 391 508 818 516 792 990 710 492 859 214 832 614 76 814 7 749 245 635 733 447 478 516 625 889 772 607 809 980 179 180 140 168 572 878 642 728 856 558 77 735 708 529 386 76 79 124 605 343 843 93 201 793 599 314 
141 940 7 860 255 105 42 635 640 0 222 821 923 537 575 779 3 481 693 85 581 6 882 580 400 87 837 597 252 572 144 804 977 987 225 523 463 273 59 123 138 725 62 24 950 539 532 248 206 608 548 296 767 216 432 206 141 866 100 186 228 468 678 424 811 877 182 115 725 127 65 913 734 154 567 6 678 321 794 218 376 366 497 293 802 780 723 237 382 65 391 574 90 468 152 251 495 875 574 
115 459 218 513 585 561 320 15 431 222 0 931 31 80 788 563 775 675 418 53 48 383 986 729 774 564 591 546 226 341 194 49 231 420 567 864 675 956 729 227 998 678 739 805 770 61 304 547 55 123 836 247 453 425 136 903 976 79 363 907 356 226 36 312 616 220 358 727 896 742 48 109 742 840 877 195 289 86 93 17 870 790 750 802 502 14 83 572 898 533 197 613 4 580 338 755 888 147 504 
24 352 292 33 357 974 208 501 172 821 931 0 569 926 726 984 422 740 470 740 667 921 680 263 928 386 619 75 611 511 187 931 641 805 327 472 313 840 914 724 143 259 248 614 928 17 380 341 67 780 529 385 81 546 665 971 36 195 806 109 126 237 8 140 337 379 873 251 636 92 601 172 707 624 659 730 530 819 847 585 259 333 549 381 198 993 115 998 414 605 730 473 581 643 879 349 357 666 99 
821 961 870 827 172 125 283 565 111 923 31 569 0 246 858 672 143 153 324 257 401 828 440 51 267 266 380 393 822 175 837 991 319 805 754 647 54 36 533 67 554 883 579 298 168 112 641 646 108 919 460 42 383 720 938 157 258 37 204 703 761 574 817 122 915 597 85 70 405 948 185 807 304 571 224 503 858 375 963 194 346 745 125 740 77 64 758 114 680 716 261 633 610 662 439 27 112 744 704 
492 896 505 404 215 519 834 789 542 537 80 926 246 0 352 99 501 126 263 730 450 121 171 165 597 479 602 407 822 919 57 237 467 398 884 116 962 885 574 695 333 913 562 492 846 474 158 718 23 927 12 733 187 262 250 871 628 154 449 76 556 172 176 971 803 983 647 382 500 330 902 281 224 141 929 828 277 125 353 792 450 485 928 360 565 802 350 301 624 484 422 558 786 913 528 559 564 674 759 
405 133 98 577 305 29 397 265 250 575 788 726 858 352 0 415 279 155 157 275 321 93 368 220 485 925 607 912 509 474 714 987 627 178 570 562 595 863 316 365 474 487 207 509 289 429 206 601 302 843 661 429 169 523 419 618 31 278 663 574 964 989 904 450 341 963 854 939 105 888 295 182 936 201 667 904 17 546 211 362 734 765 304 387 326 377 447 865 877 94 501 499 433 607 719 129 55 876 21 
836 132 735 756 623 630 260 378 196 779 563 984 672 99 415 0 494 102 85 575 685 770 727 130 583 610 818 983 896 996 107 56 374 966 125 754 62 66 876 845 593 1000 779 4 129 554 270 907 461 28 455 457 107 183 624 28 206 349 737 377 347 939 943 762 254 273 191 55 833 548 967 689 255 807 201 216 486 593 224 395 158 424 302 257 993 287 640 825 907 657 913 493 605 796 955 490 655 739 959 
598 696 172 82 146 748 387 526 496 3 775 422 143 501 279 494 0 173 843 506 257 31 630 57 939 231 165 377 567 92 530 343 161 243 253 592 732 686 655 548 74 971 97 53 795 295 702 179 645 607 594 454 918 16 719 52 485 204 81 448 831 433 255 885 332 11 33 962 780 256 591 415 850 608 1 779 34 445 643 407 907 238 500 190 808 629 599 478 974 427 157 146 705 868 566 909 280 196 549 
336 762 580 92 736 209 703 113 405 481 675 740 153 126 155 102 173 0 600 547 456 589 630 820 64 51 993 643 915 334 61 516 494 19 738 288 763 91 118 457 824 245 9 754 187 946 832 558 755 856 700 249 789 316 382 697 577 397 909 838 23 87 232 343 606 624 331 534 790 525 884 160 672 589 980 749 939 451 621 198 724 961 461 430 134 244 952 365 168 873 919 237 391 86 994 849 992 808 595 
678 183 318 425 921 843 272 276 970 693 418 470 324 263 157 85 843 600 0 769 644 623 871 363 663 537 435 937 159 244 198 116 490 370 755 283 577 123 901 263 23 871 45 457 220 220 4 327 620 310 150 957 52 488 230 739 477 269 424 66 310 486 508 262 266 852 358 253 358 494 250 319 630 522 618 304 99 237 692 141 823 347 372 259 681 251 86 838 174 807 439 362 868 258 310 105 111 275 518 
821 51 303 933 807 135 960 547 639 85 53 740 257 730 275 575 506 547 769 0 803 98 635 394 202 849 996 983 901 658 863 540 53 817 124 657 24 846 593 813 828 448 376 563 570 663 64 877 337 786 363 3 710 537 261 897 498 882 990 556 553 717 172 321 78 746 382 372 792 970 578 536 826 908 148 725 799 489 763 824 813 999 512 199 523 995 172 510 248 589 60 588 349 664 763 698 73 804 239 
777 822 738 821 591 559 144 854 68 581 48 667 401 450 321 685 257 456 644 803 0 169 365 851 466 647 269 460 643 600 304 730 575 631 727 418 679 403 469 417 943 650 632 675 552 724 756 375 535 352 312 409 57 914 891 64 697 546 854 183 272 847 629 865 903 145 573 749 477 503 305 196 178 431 539 91 363 643 259 875 850 266 171 64 71 791 749 553 797 553 412 255 167 133 893 930 932 316 703 
94 80 207 834 337 288 460 263 793 6 383 921 828 121 93 770 31 589 623 98 169 0 791 802 827 21 44 453 801 402 208 420 261 520 178 817 802 992 642 336 159 547 164 916 2 759 732 919 667 984 636 4 596 226 203 700 366 395 314 663 691 585 920 681 707 62 909 325 428 349 394 888 314 487 18 479 89 454 633 334 36 594 405 197 819 384 250 598 659 140 712 734 690 920 422 38 414 164 754 
22 765 921 472 85 957 728 892 601 882 986 680 440 171 368 727 630 630 871 635 365 791 0 564 421 431 226 327 837 911 814 99 151 637 714 516 877 82 778 332 236 518 748 904 24 335 816 182 266 481 740 388 239 439 415 161 243 45 296 88 182 624 673 430 860 612 862 568 987 662 648 494 710 764 972 714 859 379 76 955 811 495 403 937 449 817 95 739 626 489 288 591 974 696 518 117 740 883 462 
814 485 883 584 867 823 558 965 991 580 729 263 51 165 220 130 57 820 363 394 851 802 564 0 595 585 319 895 625 242 58 543 469 71 131 941 706 450 854 39 228 824 923 535 162 221 843 868 132 406 397 98 366 697 923 55 516 975 68 517 702 649 650 36 279 118 830 97 489 835 636 503 391 507 258 539 450 892 921 975 977 197 471 707 497 48 124 377 482 307 566 964 846 73 136 641 150 15 850 
219 528 193 200 398 179 916 540 993 400 774 928 267 597 485 583 939 64 663 202 466 827 421 595 0 437 580 448 613 555 118 829 441 590 535 916 809 673 741 742 118 960 688 219 274 981 711 370 610 64 901 862 871 131 710 731 302 350 85 114 382 218 332 431 132 33 268 732 699 543 610 733 133 852 7 909 971 371 970 415 165 719 441 648 143 327 759 409 847 606 636 968 662 274 916 94 109 881 448 
235 240 957 980 442 110 543 12 637 87 564 386 266 479 925 610 231 51 537 849 647 21 431 585 437 0 74 948 642 99 55 568 719 53 860 873 312 939 67 998 707 200 896 77 222 521 310 722 93 242 386 488 196 448 937 158 726 409 498 284 899 233 743 632 101 131 523 299 437 151 617 496 468 529 167 865 238 931 256 893 836 72 711 411 843 902 963 251 267 573 628 795 893 271 102 276 33 318 522 
93 786 254 271 206 201 506 797 509 837 591 619 380 602 607 818 165 993 435 996 269 44 226 319 580 74 0 290 304 866 964 949 417 6 171 854 870 1000 914 431 407 184 706 10 414 110 172 663 70 567 409 800 483 750 622 275 584 749 29 498 1 832 902 109 762 312 436 195 341 947 749 155 167 968 585 121 42 171 691 992 649 555 124 366 952 795 327 10 127 794 575 280 748 446 167 192 969 281 168 
317 953 856 902 741 948 39 346 218 597 546 75 393 407 912 983 377 643 937 983 460 453 327 895 448 948 290 0 859 519 568 792 584 795 100 676 237 742 609 403 519 451 561 610 413 503 398 200 902 815 361 175 600 177 56 22 654 21 253 632 538 748 575 756 302 809 133 184 557 480 636 74 460 668 513 126 750 572 522 346 353 511 958 165 788 816 311 723 686 831 871 51 577 420 212 104 477 508 791 
25 618 222 450 935 174 305 188 266 252 226 611 822 822 509 896 567 915 159 901 643 801 837 625 613 642 304 859 0 740 272 136 206 41 6 8 48 834 722 120 477 915 894 950 443 827 172 903 637 656 412 182 105 213 995 45 908 663 27 565 251 193 208 394 222 182 983 678 978 861 59 648 128 307 967 449 834 377 324 342 249 239 323 730 314 774 567 295 611 25 390 827 739 671 832 618 238 486 663 
441 251 500 466 868 721 267 154 246 572 341 511 175 919 474 996 92 334 244 658 600 402 911 242 555 99 866 519 740 0 482 220 636 565 562 84 682 33 167 784 54 280 454 899 470 278 260 616 311 188 379 201 556 864 882 49 163 743 338 328 796 904 699 232 102 701 535 201 356 436 588 418 834 441 672 419 165 395 751 840 910 950 443 411 635 808 94 546 459 859 11 131 923 696 387 580 25 9 894 
521 729 181 771 228 998 991 949 264 144 194 187 837 57 714 107 530 61 198 863 304 208 814 58 118 55 964 568 272 482 0 625 560 794 408 813 506 748 623 408 677 624 159 740 166 193 910 235 453 561 675 637 683 632 980 79 709 346 180 178 325 529 74 506 532 154 751 552 988 912 837 957 103 725 376 435 930 741 834 702 7 342 951 557 113 965 371 961 936 81 208 206 911 984 645 584 433 779 507 
308 793 210 840 563 437 189 905 737 804 49 931 991 237 987 56 343 516 116 540 730 420 99 543 829 568 949 792 136 220 625 0 1000 40 135 429 199 289 55 286 719 767 921 423 314 627 110 354 63 176 746 590 422 572 492 855 172 994 305 450 167 949 554 61 844 447 47 489 797 722 271 908 602 894 643 985 474 679 225 296 248 819 587 415 411 232 953 333 558 323 404 429 290 806 219 990 675 487 946 
795 12 186 634 927 974 174 831 711 977 231 641 319 467 627 374 161 494 490 53 575 261 151 469 441 719 417 584 206 636 560 1000 0 309 230 737 717 61 315 960 174 372 108 14 369 734 606 623 758 781 134 265 336 216 542 532 252 319 20 537 623 652 445 799 921 142 297 588 428 196 924 709 204 984 793 8 426 696 841 492 955 843 341 247 482 231 750 948 841 539 897 527 281 759 200 266 543 539 243 
1000 745 633 926 718 158 756 428 134 987 420 805 805 398 178 966 243 19 370 817 631 520 637 71 590 53 6 795 41 565 794 40 309 0 138 460 896 868 393 472 61 939 990 782 779 363 68 454 681 644 45 734 153 100 34 425 390 973 770 413 641 476 873 128 216 106 557 91 392 782 693 135 234 325 88 504 77 208 60 526 653 412 365 930 527 973 544 152 321 966 155 640 796 543 110 673 33 886 46 
778 317 379 935 72 158 421 410 578 225 567 327 754 884 570 125 253 738 755 124 727 178 714 131 535 860 171 100 6 562 408 135 230 138 0 270 682 304 661 828 683 525 861 455 540 573 346 807 14 231 416 737 837 154 788 637 457 232 676 163 533 680 374 102 52 605 916 163 870 810 994 876 697 810 43 26 288 831 547 517 59 198 703 642 781 766 620 675 752 279 101 3 128 823 733 873 99 725 919 
70 654 296 842 63 225 418 981 903 523 864 472 647 116 562 754 592 288 283 657 418 817 516 941 916 873 854 676 8 84 813 429 737 460 270 0 7 902 123 50 361 797 952 611 321 729 818 693 283 40 370 725 978 115 600 423 385 410 400 50 987 688 221 586 903 312 433 221 377 474 496 211 558 237 107 592 223 876 802 853 414 43 720 18 257 366 464 781 818 123 908 715 460 467 778 58 341 711 736 
151 36 39 132 939 561 995 762 208 463 675 313 54 962 595 62 732 763 577 24 679 802 877 706 809 312 870 237 48 682 506 199 717 896 682 7 0 663 2 419 492 432 821 921 497 752 593 429 828 343 468 732 463 754 616 766 119 11 352 20 369 307 63 164 893 837 29 279 847 375 151 157 34 724 904 663 495 474 842 98 893 51 272 993 749 922 955 741 151 396 305 507 881 908 161 50 543 217 438 
456 28 769 15 490 443 327 895 757 273 956 840 36 885 863 66 686 91 123 846 403 992 82 450 673 939 1000 742 834 33 748 289 61 868 304 902 663 0 654 295 364 874 476 847 222 88 306 696 497 418 149 621 403 687 648 301 172 641 366 996 413 396 501 995 730 454 468 59 800 825 612 550 804 608 163 541 354 842 743 784 657 894 390 828 588 394 23 341 879 28 447 705 615 954 32 467 406 452 333 
982 149 771 607 456 610 994 692 824 59 729 914 533 574 316 876 655 118 901 593 469 642 778 854 741 67 914 609 722 167 623 55 315 393 661 123 2 654 0 159 744 999 40 252 186 628 141 578 323 260 550 946 794 118 872 644 724 104 751 943 752 797 393 470 132 374 864 974 272 770 544 892 13 518 135 672 348 24 363 197 757 89 485 977 687 199 552 349 689 281 674 954 320 434 553 266 489 901 204 
814 177 64 543 90 596 468 758 472 123 227 724 67 695 365 845 548 457 263 813 417 336 332 39 742 998 431 403 120 784 408 286 960 472 828 50 419 295 159 0 822 396 874 788 538 143 100 598 695 487 809 441 306 612 830 949 732 87 518 378 469 551 49 896 340 666 896 903 736 146 757 965 13 902 435 802 662 45 71 92 972 906 829 70 483 630 835 127 227 474 428 463 575 751 606 251 687 168 751 
242 769 385 965 188 431 681 384 331 138 998 143 554 333 474 593 74 824 23 828 943 159 236 228 118 707 407 519 477 54 677 719 174 61 683 361 492 364 744 822 0 598 537 222 171 978 189 944 702 377 48 917 169 254 79 858 312 858 818 533 641 864 531 418 892 683 1 525 876 303 676 463 889 761 730 546 383 515 537 1 384 611 887 121 742 526 97 929 612 92 837 630 57 421 535 717 900 678 907 
853 741 316 406 425 142 350 851 965 725 678 259 883 913 487 1000 971 245 871 448 650 547 518 824 960 200 184 451 915 280 624 767 372 939 525 797 432 874 999 396 598 0 130 57 955 688 796 476 729 734 386 192 246 542 360 547 51 182 465 849 107 22 780 134 747 945 222 52 167 511 943 352 106 358 12 866 637 110 808 565 627 231 586 130 540 213 986 272 586 813 222 566 675 365 242 21 376 47 707 
676 655 480 941 493 832 263 89 702 62 739 248 579 562 207 779 97 9 45 376 632 164 748 923 688 896 706 561 894 454 159 921 108 990 861 952 821 476 40 874 537 130 0 753 817 511 479 938 762 266 690 177 386 158 846 920 119 281 323 487 947 787 56 387 28 44 120 505 723 237 709 136 71 525 94 884 192 863 918 676 231 238 729 450 681 974 302 476 992 430 510 288 155 745 836 951 43 833 201 
474 116 691 32 246 140 41 290 515 24 805 614 298 492 509 4 53 754 457 563 675 916 904 535 219 77 10 610 950 899 740 423 14 782 455 611 921 847 252 788 222 57 753 0 690 89 182 941 810 295 507 958 551 974 16 14 569 894 373 235 753 789 347 891 158 279 85 595 280 602 213 621 193 683 305 401 593 889 851 195 81 355 11 212 818 941 855 42 291 159 98 614 18 83 974 744 11 421 962 
520 548 614 875 952 367 683 514 41 950 770 928 168 846 289 129 795 187 220 570 552 2 24 162 274 222 414 413 443 470 166 314 369 779 540 321 497 222 186 538 171 955 817 690 0 513 954 545 751 12 749 276 784 155 961 769 679 335 913 924 14 545 308 104 549 927 220 434 666 192 845 984 330 498 292 45 265 586 512 708 428 715 513 489 105 366 336 924 210 297 643 124 460 277 121 579 940 72 818 
800 457 819 595 996 38 516 547 391 539 61 17 112 474 429 554 295 946 220 663 724 759 335 221 981 521 110 503 827 278 193 627 734 363 573 729 752 88 628 143 978 688 511 89 513 0 36 890 415 108 350 958 906 32 264 889 150 558 338 60 910 775 311 188 720 6 974 795 179 476 355 669 6 77 760 787 208 761 480 37 964 2 385 836 358 350 748 340 868 523 10 138 940 351 554 79 449 61 573 
939 994 159 885 213 173 960 972 508 532 304 380 641 158 206 270 702 832 4 64 756 732 816 843 711 310 172 398 172 260 910 110 606 68 346 818 593 306 141 100 189 796 479 182 954 36 0 199 622 674 962 766 10 508 992 393 127 594 109 964 99 80 641 4 412 903 627 1 112 149 179 309 799 841 505 616 78 482 426 589 239 778 664 468 162 227 846 866 549 168 362 106 623 878 280 585 18 512 920 
451 655 868 454 719 975 538 886 818 248 547 341 646 718 601 907 179 558 327 877 375 919 182 868 370 722 663 200 903 616 235 354 623 454 807 693 429 696 578 598 944 476 938 941 545 890 199 0 395 619 694 729 53 171 680 820 163 539 345 371 196 329 914 988 233 289 604 747 446 799 435 751 531 105 644 175 298 31 154 466 686 304 364 678 264 346 286 754 183 75 151 621 516 496 687 487 219 619 718 
75 447 877 951 174 147 484 41 516 206 55 67 108 23 302 461 645 755 620 337 535 667 266 132 610 93 70 902 637 311 453 63 758 681 14 283 828 497 323 695 702 729 762 810 751 415 622 395 0 315 402 558 695 348 646 937 78 306 246 897 285 214 542 530 325 630 304 329 321 1 591 180 30 17 91 536 146 563 452 586 39 315 845 617 492 594 52 56 387 748 280 374 330 788 547 927 792 868 520 
169 593 83 704 260 348 187 221 792 608 123 780 919 927 843 28 607 856 310 786 352 984 481 406 64 242 567 815 656 188 561 176 781 644 231 40 343 418 260 487 377 734 266 295 12 108 674 619 315 0 111 74 413 995 221 132 603 215 532 29 761 565 149 266 677 107 336 605 469 995 428 979 780 363 122 920 528 70 117 81 413 477 387 78 843 829 284 703 723 974 800 819 842 487 941 689 128 786 789 
335 756 19 670 236 424 734 829 990 548 836 529 460 12 661 455 594 700 150 363 312 636 740 397 901 386 409 361 412 379 675 746 134 45 416 370 468 149 550 809 48 386 690 507 749 350 962 694 402 111 0 732 763 707 292 68 13 772 335 278 100 46 85 661 662 35 985 118 589 769 364 286 708 364 144 900 448 871 268 641 498 654 875 877 787 692 457 263 782 663 562 208 217 512 801 536 644 774 308 
57 713 746 148 461 998 533 869 710 296 247 385 42 733 429 457 454 249 957 3 409 4 388 98 862 488 800 175 182 201 637 590 265 734 737 725 732 621 946 441 917 192 177 958 276 958 766 729 558 74 732 0 103 261 536 1 775 203 451 431 556 412 171 395 228 126 229 429 797 503 895 376 559 799 981 626 861 557 711 461 241 932 368 32 562 736 800 608 536 652 691 981 848 272 440 209 723 535 222 
966 429 471 416 290 959 215 817 492 767 453 81 383 187 169 107 918 789 52 710 57 596 239 366 871 196 483 600 105 556 683 422 336 153 837 978 463 403 794 306 169 246 386 551 784 906 10 53 695 413 763 103 0 572 423 183 320 609 845 692 451 502 68 946 736 168 596 929 249 695 173 219 94 201 492 750 968 875 749 767 801 70 792 275 13 212 533 652 733 113 863 552 884 758 362 78 541 301 894 
360 353 469 583 548 303 534 4 859 216 425 546 720 262 523 183 16 316 488 537 914 226 439 697 131 448 750 177 213 864 632 572 216 100 154 115 754 687 118 612 254 542 158 974 155 32 508 171 348 995 707 261 572 0 58 580 255 168 982 717 281 669 109 442 521 998 199 686 927 782 11 131 417 128 115 613 306 250 695 595 308 148 629 165 235 860 904 353 408 503 849 798 542 207 319 652 735 657 769 
497 309 55 297 58 583 509 921 214 432 136 665 938 250 419 624 719 382 230 261 891 203 415 923 710 937 622 56 995 882 980 492 542 34 788 600 616 648 872 830 79 360 846 16 961 264 992 680 646 221 292 536 423 58 0 55 642 178 519 947 609 61 820 430 858 243 58 525 286 689 530 230 949 658 239 516 662 448 631 787 217 129 838 739 410 783 276 337 17 959 609 944 693 344 927 849 224 549 71 
810 484 995 431 891 341 664 870 832 206 903 971 157 871 618 28 52 697 739 897 64 700 161 55 731 158 275 22 45 49 79 855 532 425 637 423 766 301 644 949 858 547 920 14 769 889 393 820 937 132 68 1 183 580 55 0 974 310 930 805 184 719 751 377 867 200 864 12 947 590 783 951 578 53 498 11 938 246 70 181 965 141 584 274 155 891 643 60 579 70 850 871 897 31 278 523 1 182 341 
913 737 330 286 134 730 364 340 614 141 976 36 258 628 31 206 485 577 477 498 697 366 243 516 302 726 584 654 908 163 709 172 252 390 457 385 119 172 724 732 312 51 119 569 679 150 127 163 78 603 13 775 320 255 642 974 0 576 831 1 179 253 203 425 622 481 73 336 363 932 627 626 885 656 634 829 895 532 950 487 495 572 692 576 77 762 866 603 26 75 829 593 786 477 772 279 119 974 642 
980 577 627 239 92 687 410 343 76 866 79 195 37 154 278 349 204 397 269 882 546 395 45 975 350 409 749 21 663 743 346 994 319 973 232 410 11 641 104 87 858 182 281 894 335 558 594 539 306 215 772 203 609 168 178 310 576 0 547 796 609 244 73 890 972 906 845 719 978 636 631 737 468 625 823 988 703 618 673 779 217 35 313 104 713 930 602 698 495 752 183 575 793 790 93 392 192 182 591 
278 683 590 20 28 583 691 352 814 100 363 806 204 449 663 737 81 909 424 990 854 314 296 68 85 498 29 253 27 338 180 305 20 770 676 400 352 366 751 518 818 465 323 373 913 338 109 345 246 532 335 451 845 982 519 930 831 547 0 788 721 466 325 484 168 8 996 196 856 69 770 24 389 72 362 136 688 169 592 527 670 651 541 438 295 706 953 783 616 252 720 274 473 802 841 626 478 41 484 
534 858 236 713 514 608 482 541 7 186 907 109 703 76 574 377 448 838 66 556 183 663 88 517 114 284 498 632 565 328 178 450 537 413 163 50 20 996 943 378 533 849 487 235 924 60 964 371 897 29 278 431 692 717 947 805 1 796 788 0 781 446 411 819 195 662 55 13 341 144 685 625 364 314 952 277 728 908 625 180 744 810 14 305 742 887 432 249 636 451 218 419 525 148 603 249 356 811 304 
917 476 965 367 12 729 881 414 749 228 356 126 761 556 964 347 831 23 310 553 272 691 182 702 382 899 1 538 251 796 325 167 623 641 533 987 369 413 752 469 641 107 947 753 14 910 99 196 285 761 100 556 451 281 609 184 179 609 721 781 0 148 772 121 425 606 731 272 333 71 570 154 301 66 846 406 219 364 424 970 478 985 755 866 347 737 47 596 306 962 545 58 715 485 479 323 216 190 484 
757 397 948 379 37 480 717 757 245 468 226 237 574 172 989 939 433 87 486 717 847 585 624 649 218 233 832 748 193 904 529 949 652 476 680 688 307 396 797 551 864 22 787 789 545 775 80 329 214 565 46 412 502 669 61 719 253 244 466 446 148 0 399 989 699 514 99 99 195 332 958 333 491 796 89 922 969 910 425 580 28 992 491 995 407 23 676 95 552 332 928 831 736 786 838 561 910 819 342 
994 746 799 821 425 839 128 173 635 678 36 8 817 176 904 943 255 232 508 172 629 920 673 650 332 743 902 575 208 699 74 554 445 873 374 221 63 501 393 49 531 780 56 347 308 311 641 914 542 149 85 171 68 109 820 751 203 73 325 411 772 399 0 231 38 108 453 501 489 217 308 532 966 559 595 613 553 939 201 475 343 628 952 71 152 470 384 581 545 126 973 847 166 305 822 238 383 297 601 
316 568 623 41 788 685 542 533 733 424 312 140 122 971 450 762 885 343 262 321 865 681 430 36 431 632 109 756 394 232 506 61 799 128 102 586 164 995 470 896 418 134 387 891 104 188 4 988 530 266 661 395 946 442 430 377 425 890 484 819 121 989 231 0 346 748 28 859 761 618 494 214 505 401 990 765 644 59 264 461 432 179 447 112 181 319 797 895 146 852 441 584 347 595 31 588 110 729 726 
271 468 332 209 631 678 678 878 447 811 616 337 915 803 341 254 332 606 266 78 903 707 860 279 132 101 762 302 222 102 532 844 921 216 52 903 893 730 132 340 892 747 28 158 549 720 412 233 325 677 662 228 736 521 858 867 622 972 168 195 425 699 38 346 0 619 7 190 586 114 651 819 77 473 176 425 45 469 837 106 680 404 207 924 285 995 219 246 224 298 434 823 531 680 947 233 294 56 739 
914 90 600 159 171 732 850 62 478 877 220 379 597 983 963 273 11 624 852 746 145 62 612 118 33 131 312 809 182 701 154 447 142 106 605 312 837 454 374 666 683 945 44 279 927 6 903 289 630 107 35 126 168 998 243 200 481 906 8 662 606 514 108 748 619 0 369 663 711 26 301 759 14 368 989 991 193 121 747 991 754 826 655 64 284 235 355 255 297 404 425 201 294 480 906 463 481 21 872 
65 411 455 518 136 472 552 80 516 182 358 873 85 647 854 191 33 331 358 382 573 909 862 830 268 523 436 133 983 535 751 47 297 557 916 433 29 468 864 896 1 222 120 85 220 974 627 604 304 336 985 229 596 199 58 864 73 845 996 55 731 99 453 28 7 369 0 79 489 91 989 425 414 637 449 709 218 287 417 666 197 221 166 129 789 684 612 27 964 974 700 650 807 413 160 645 803 791 461 
460 35 188 323 282 188 896 754 625 115 727 251 70 382 939 55 962 534 253 372 749 325 568 97 732 299 195 184 678 201 552 489 588 91 163 221 279 59 974 903 525 52 505 595 434 795 1 747 329 605 118 429 929 686 525 12 336 719 196 13 272 99 501 859 190 663 79 0 432 488 153 976 110 196 431 87 539 942 678 555 924 806 830 916 33 268 526 338 374 45 738 681 763 940 459 635 836 625 176 
820 73 53 74 950 104 930 544 889 725 896 636 405 500 105 833 780 790 358 792 477 428 987 489 699 437 341 557 978 356 988 797 428 392 870 377 847 800 272 736 876 167 723 280 666 179 112 446 321 469 589 797 249 927 286 947 363 978 856 341 333 195 489 761 586 711 489 432 0 850 264 309 817 975 152 531 898 962 842 775 762 71 44 892 872 981 730 947 527 783 871 258 908 433 289 929 238 824 204 
862 761 519 737 927 593 16 945 772 127 742 92 948 330 888 548 256 525 494 970 503 349 662 835 543 151 947 480 861 436 912 722 196 782 810 474 375 825 770 146 303 511 237 602 192 476 149 799 1 995 769 503 695 782 689 590 932 636 69 144 71 332 217 618 114 26 91 488 850 0 884 668 778 155 583 380 566 310 780 214 954 661 2 457 475 883 516 727 652 607 373 603 126 198 64 911 291 691 16 
213 985 505 723 573 106 267 48 607 65 48 601 185 902 295 967 591 884 250 578 305 394 648 636 610 617 749 636 59 588 837 271 924 693 994 496 151 612 544 757 676 943 709 213 845 355 179 435 591 428 364 895 173 11 530 783 627 631 770 685 570 958 308 494 651 301 989 153 264 884 0 292 474 449 865 241 552 986 749 998 896 711 658 337 516 897 712 464 952 871 517 144 337 690 64 885 874 792 278 
909 939 827 969 151 23 323 681 809 913 109 172 807 281 182 689 415 160 319 536 196 888 494 503 733 496 155 74 648 418 957 908 709 135 876 211 157 550 892 965 463 352 136 621 984 669 309 751 180 979 286 376 219 131 230 951 626 737 24 625 154 333 532 214 819 759 425 976 309 668 292 0 57 88 233 428 280 828 730 127 145 682 282 364 965 506 826 875 138 226 60 887 964 854 824 998 138 502 462 
123 19 780 95 354 800 756 104 980 734 742 707 304 224 936 255 850 672 630 826 178 314 710 391 133 468 167 460 128 834 103 602 204 234 697 558 34 804 13 13 889 106 71 193 330 6 799 531 30 780 708 559 94 417 949 578 885 468 389 364 301 491 966 505 77 14 414 110 817 778 474 57 0 864 946 245 202 771 587 130 932 891 587 586 367 447 501 999 590 419 594 521 801 563 305 283 666 89 723 
236 544 249 917 901 399 447 282 179 154 840 624 571 141 201 807 608 589 522 908 431 487 764 507 852 529 968 668 307 441 725 894 984 325 810 237 724 608 518 902 761 358 525 683 498 77 841 105 17 363 364 799 201 128 658 53 656 625 72 314 66 796 559 401 473 368 637 196 975 155 449 88 864 0 958 124 95 201 18 26 126 948 739 138 548 222 13 939 943 300 26 431 843 786 899 187 268 976 831 
325 122 361 401 963 817 769 677 180 567 877 659 224 929 667 201 1 980 618 148 539 18 972 258 7 167 585 513 967 672 376 643 793 88 43 107 904 163 135 435 730 12 94 305 292 760 505 644 91 122 144 981 492 115 239 498 634 823 362 952 846 89 595 990 176 989 449 431 152 583 865 233 946 958 0 180 872 69 932 321 226 36 644 575 782 446 32 268 780 736 509 501 982 288 149 741 500 274 423 
537 590 69 42 585 160 163 728 140 6 195 730 503 828 904 216 779 749 304 725 91 479 714 539 909 865 121 126 449 419 435 985 8 504 26 592 663 541 672 802 546 866 884 401 45 787 616 175 536 920 900 626 750 613 516 11 829 988 136 277 406 922 613 765 425 991 709 87 531 380 241 428 245 124 180 0 818 709 450 837 359 957 451 426 471 812 188 274 799 67 588 644 612 191 425 213 957 160 892 
641 910 796 815 797 67 714 774 168 678 289 530 858 277 17 486 34 939 99 799 363 89 859 450 971 238 42 750 834 165 930 474 426 77 288 223 495 354 348 662 383 637 192 593 265 208 78 298 146 528 448 861 968 306 662 938 895 703 688 728 219 969 553 644 45 193 218 539 898 566 552 280 202 95 872 818 0 313 849 62 441 302 123 325 905 924 761 630 163 175 387 920 134 489 452 266 68 36 755 
303 302 467 800 829 915 660 797 572 321 86 819 375 125 546 593 445 451 237 489 643 454 379 892 371 931 171 572 377 395 741 679 696 208 831 876 474 842 24 45 515 110 863 889 586 761 482 31 563 70 871 557 875 250 448 246 532 618 169 908 364 910 939 59 469 121 287 942 962 310 986 828 771 201 69 709 313 0 357 261 816 166 307 394 944 24 878 134 329 903 870 958 604 517 428 677 517 785 694 
902 739 875 971 961 431 197 562 878 794 93 847 963 353 211 224 643 621 692 763 259 633 76 921 970 256 691 522 324 751 834 225 841 60 547 802 842 743 363 71 537 808 918 851 512 480 426 154 452 117 268 711 749 695 631 70 950 673 592 625 424 425 201 264 837 747 417 678 842 780 749 730 587 18 932 450 849 357 0 654 44 612 166 456 734 510 825 27 333 141 91 264 480 687 463 699 528 130 609 
603 300 473 222 362 573 916 344 642 218 17 585 194 792 362 395 407 198 141 824 875 334 955 975 415 893 992 346 342 840 702 296 492 526 517 853 98 784 197 92 1 565 676 195 708 37 589 466 586 81 641 461 767 595 787 181 487 779 527 180 970 580 475 461 106 991 666 555 775 214 998 127 130 26 321 837 62 261 654 0 831 968 319 294 748 517 812 686 549 274 667 293 463 276 999 544 859 256 274 
1000 694 295 460 460 241 598 992 728 376 870 259 346 450 734 158 907 724 823 813 850 36 811 977 165 836 649 353 249 910 7 248 955 653 59 414 893 657 757 972 384 627 231 81 428 964 239 686 39 413 498 241 801 308 217 965 495 217 670 744 478 28 343 432 680 754 197 924 762 954 896 145 932 126 226 359 441 816 44 831 0 994 694 472 138 204 161 188 403 877 21 777 797 3 369 365 644 923 834 
580 541 71 380 201 287 697 695 856 366 790 333 745 485 765 424 238 961 347 999 266 594 495 197 719 72 555 511 239 950 342 819 843 412 198 43 51 894 89 906 611 231 238 355 715 2 778 304 315 477 654 932 70 148 129 141 572 35 651 810 985 992 628 179 404 826 221 806 71 661 711 682 891 948 36 957 302 166 612 968 994 0 393 684 872 201 282 641 467 155 652 823 48 198 264 586 523 904 916 
265 899 415 765 379 555 336 414 558 497 750 549 125 928 304 302 500 461 372 512 171 405 403 471 441 711 124 958 323 443 951 587 341 365 703 720 272 390 485 829 887 586 729 11 513 385 664 364 845 387 875 368 792 629 838 584 692 313 541 14 755 491 952 447 207 655 166 830 44 2 658 282 587 739 644 451 123 307 166 319 694 393 0 325 662 604 963 645 84 925 357 625 310 548 790 104 933 790 495 
686 837 21 875 420 64 187 960 77 293 802 381 740 360 387 257 190 430 259 199 64 197 937 707 648 411 366 165 730 411 557 415 247 930 642 18 993 828 977 70 121 130 450 212 489 836 468 678 617 78 877 32 275 165 739 274 576 104 438 305 866 995 71 112 924 64 129 916 892 457 337 364 586 138 575 426 325 394 456 294 472 684 325 0 150 415 45 840 135 341 235 680 680 761 82 794 537 223 727 
746 848 415 19 423 870 808 79 735 802 502 198 77 565 326 993 808 134 681 523 71 819 449 497 143 843 952 788 314 635 113 411 482 527 781 257 749 588 687 483 742 540 681 818 105 358 162 264 492 843 787 562 13 235 410 155 77 713 295 742 347 407 152 181 285 284 789 33 872 475 516 965 367 548 782 471 905 944 734 748 138 872 662 150 0 61 185 993 874 658 853 620 589 404 934 589 257 560 36 
107 71 656 535 136 950 277 482 708 780 14 993 64 802 377 287 629 244 251 995 791 384 817 48 327 902 795 816 774 808 965 232 231 973 766 366 922 394 199 630 526 213 974 941 366 350 227 346 594 829 692 736 212 860 783 891 762 930 706 887 737 23 470 319 995 235 684 268 981 883 897 506 447 222 446 812 924 24 510 517 204 201 604 415 61 0 238 981 453 883 317 568 355 891 68 304 156 691 918 
387 657 174 316 715 60 404 737 529 723 83 115 758 350 447 640 599 952 86 172 749 250 95 124 759 963 327 311 567 94 371 953 750 544 620 464 955 23 552 835 97 986 302 855 336 748 846 286 52 284 457 800 533 904 276 643 866 602 953 432 47 676 384 797 219 355 612 526 730 516 712 826 501 13 32 188 761 878 825 812 161 282 963 45 185 238 0 251 66 763 84 551 576 143 359 316 537 756 420 
39 402 192 991 834 238 666 217 386 237 572 998 114 301 865 825 478 365 838 510 553 598 739 377 409 251 10 723 295 546 961 333 948 152 675 781 741 341 349 127 929 272 476 42 924 340 866 754 56 703 263 608 652 353 337 60 603 698 783 249 596 95 581 895 246 255 27 338 947 727 464 875 999 939 268 274 630 134 27 686 188 641 645 840 993 981 251 0 899 84 33 564 374 232 705 219 728 885 677 
947 31 385 195 626 479 775 872 76 382 898 414 680 624 877 907 974 168 174 248 797 659 626 482 847 267 127 686 611 459 936 558 841 321 752 818 151 879 689 227 612 586 992 291 210 868 549 183 387 723 782 536 733 408 17 579 26 495 616 636 306 552 545 146 224 297 964 374 527 652 952 138 590 943 780 799 163 329 333 549 403 467 84 135 874 453 66 899 0 986 500 495 147 32 160 695 700 872 508 
947 681 886 604 584 431 750 807 79 65 533 605 716 484 94 657 427 873 807 589 553 140 489 307 606 573 794 831 25 859 81 323 539 966 279 123 396 28 281 474 92 813 430 159 297 523 168 75 748 974 663 652 113 503 959 70 75 752 252 451 962 332 126 852 298 404 974 45 783 607 871 226 419 300 736 67 175 903 141 274 877 155 925 341 658 883 763 84 986 0 156 176 49 297 552 293 366 148 255 
14 887 947 346 12 799 995 415 124 391 197 730 261 422 501 913 157 919 439 60 412 712 288 566 636 628 575 871 390 11 208 404 897 155 101 908 305 447 674 428 837 222 510 98 643 10 362 151 280 800 562 691 863 849 609 850 829 183 720 218 545 928 973 441 434 425 700 738 871 373 517 60 594 26 509 588 387 870 91 667 21 652 357 235 853 317 84 33 500 156 0 335 898 731 659 467 435 695 333 
250 396 83 575 837 868 351 888 605 574 613 473 633 558 499 493 146 237 362 588 255 734 591 964 968 795 280 51 827 131 206 429 527 640 3 715 507 705 954 463 630 566 288 614 124 138 106 621 374 819 208 981 552 798 944 871 593 575 274 419 58 831 847 584 823 201 650 681 258 603 144 887 521 431 501 644 920 958 264 293 777 823 625 680 620 568 551 564 495 176 335 0 213 868 991 17 915 61 991 
552 6 533 487 828 86 488 509 343 90 4 581 610 786 433 605 705 391 868 349 167 690 974 846 662 893 748 577 739 923 911 290 281 796 128 460 881 615 320 575 57 675 155 18 460 940 623 516 330 842 217 848 884 542 693 897 786 793 473 525 715 736 166 347 531 294 807 763 908 126 337 964 801 843 982 612 134 604 480 463 797 48 310 680 589 355 576 374 147 49 898 213 0 434 389 854 627 319 596 
136 64 560 18 357 366 780 616 843 468 580 643 662 913 607 796 868 86 258 664 133 920 696 73 274 271 446 420 671 696 984 806 759 543 823 467 908 954 434 751 421 365 745 83 277 351 878 496 788 487 512 272 758 207 344 31 477 790 802 148 485 786 305 595 680 480 413 940 433 198 690 854 563 786 288 191 489 517 687 276 3 198 548 761 404 891 143 232 32 297 731 868 434 0 480 57 169 344 933 
36 814 113 515 578 52 947 776 93 152 338 879 439 528 719 955 566 994 310 763 893 422 518 136 916 102 167 212 832 387 645 219 200 110 733 778 161 32 553 606 535 242 836 974 121 554 280 687 547 941 801 440 362 319 927 278 772 93 841 603 479 838 822 31 947 906 160 459 289 64 64 824 305 899 149 425 452 428 463 999 369 264 790 82 934 68 359 705 160 552 659 991 389 480 0 604 377 141 68 
373 335 738 532 793 26 595 857 201 251 755 349 27 559 129 490 909 849 105 698 930 38 117 641 94 276 192 104 618 580 584 990 266 673 873 58 50 467 266 251 717 21 951 744 579 79 585 487 927 689 536 209 78 652 849 523 279 392 626 249 323 561 238 588 233 463 645 635 929 911 885 998 283 187 741 213 266 677 699 544 365 586 104 794 589 304 316 219 695 293 467 17 854 57 604 0 920 374 334 
438 519 601 72 447 511 308 796 793 495 888 357 112 564 55 655 280 992 111 73 932 414 740 150 109 33 969 477 238 25 433 675 543 33 99 341 543 406 489 687 900 376 43 11 940 449 18 219 792 128 644 723 541 735 224 1 119 192 478 356 216 910 383 110 294 481 803 836 238 291 874 138 666 268 500 957 68 517 528 859 644 523 933 537 257 156 537 728 700 366 435 915 627 169 377 920 0 364 804 
649 531 107 239 173 332 376 838 599 875 147 666 744 674 876 739 196 808 275 804 316 164 883 15 881 318 281 508 486 9 779 487 539 886 725 711 217 452 901 168 678 47 833 421 72 61 512 619 868 786 774 535 301 657 549 182 974 182 41 811 190 819 297 729 56 21 791 625 824 691 792 502 89 976 274 160 36 785 130 256 923 904 790 223 560 691 756 885 872 148 695 61 319 344 141 374 364 0 881 
932 350 540 974 141 41 63 469 314 574 504 99 704 759 21 959 549 595 518 239 703 754 462 850 448 522 168 791 663 894 507 946 243 46 919 736 438 333 204 751 907 707 201 962 818 573 920 718 520 789 308 222 894 769 71 341 642 591 484 304 484 342 601 726 739 872 461 176 204 16 278 462 723 831 423 892 755 694 609 274 834 916 495 727 36 918 420 677 508 255 333 991 596 933 68 334 804 881 0 
31
7 71
36 5
96 74
9 23
21 47
73 72
21 58
21 37
67 40
19 72
31 76
19 86
67 33
28 69
37 81
37 41
52 71
46 48
43 52
68 62
96 42
34 18
99 53
52 64
90 70
37 21
46 55
7 11
86 33
77 21
14 15
