100
0 681 926 398 999 821 885 938 188 872 399 261 598 368 492 509 390 568 724 661 621 49 556 509 686 396 274 63 975 620 603 606 366 704 108 964 309 915 931 760 98 561 568 423 76 746 382 700 472 946 952 727 476 242 232 260 99 187 687 978 204 361 814 104 650 644 123 766 224 788 299 254 553 135 200 171 770 527 950 351 26 690 267 209 347 67 720 733 368 527 877 824 475 86 654 519 49 978 689 485 
681 0 702 698 674 51 747 939 488 969 105 641 306 288 850 119 898 743 308 119 632 355 586 88 573 39 720 146 262 934 245 299 80 375 78 249 200 550 371 583 944 278 815 85 722 486 553 698 832 728 996 637 442 215 263 739 70 946 871 414 770 771 556 874 708 325 144 934 512 325 116 891 160 110 661 968 219 983 972 928 409 286 565 959 897 27 260 981 111 833 262 219 863 474 696 248 381 845 687 671 
926 702 0 637 971 607 44 680 183 489 9 531 690 652 330 31 298 175 699 455 426 212 260 349 57 711 795 397 955 686 701 277 330 164 159 692 256 485 573 263 125 667 166 581 244 776 321 367 175 35 454 684 940 733 947 312 330 523 965 969 649 672 87 99 769 874 259 545 669 422 91 188 775 444 217 240 961 617 895 840 779 4 802 518 222 898 74 970 442 91 277 280 981 953 670 48 243 220 979 361 
398 698 637 0 590 602 626 891 221 843 442 17 438 270 627 431 239 998 648 51 984 490 692 656 162 540 873 523 792 946 537 306 23 322 301 933 407 36 949 110 539 797 293 124 157 761 230 202 90 529 331 537 475 922 358 55 137 619 900 167 638 113 733 823 826 821 558 947 369 363 582 389 344 602 571 585 529 769 167 818 760 198 657 839 278 410 373 370 306 975 92 685 288 845 506 58 648 733 590 999 
999 674 971 590 0 154 543 800 766 910 730 828 500 424 284 838 228 932 182 704 940 409 569 640 675 760 592 925 324 195 282 187 266 614 638 610 925 913 985 103 961 756 307 170 628 387 535 209 339 94 407 138 28 682 992 153 911 658 439 298 381 555 437 101 477 266 598 711 259 53 226 723 325 645 837 786 408 10 255 765 656 15 716 356 533 134 935 416 257 37 62 252 865 750 113 637 532 73 588 232 
821 51 607 602 154 0 344 364 884 309 551 19 599 23 699 318 924 493 977 693 182 686 727 786 710 987 487 22 101 993 999 559 240 194 900 711 795 879 838 584 286 996 183 711 641 366 995 88 726 677 649 844 836 936 354 750 388 569 403 149 262 693 702 611 110 314 35 398 973 577 695 920 801 136 195 668 702 594 648 948 704 890 749 40 98 262 749 321 598 652 239 968 362 118 689 216 976 840 944 802 
885 747 44 626 543 344 0 405 970 245 137 199 746 759 225 434 875 783 499 657 972 591 532 194 231 521 268 594 540 89 83 656 679 560 618 855 761 141 482 502 126 909 151 129 318 913 403 307 210 811 235 257 434 104 965 899 358 854 58 671 885 598 695 237 595 816 653 776 558 907 66 559 805 414 96 842 567 722 960 751 270 661 251 233 469 977 943 690 984 205 347 901 157 278 772 904 351 36 772 129 
938 939 680 891 800 364 405 0 463 868 19 400 745 592 942 107 278 38 349 973 392 161 244 49 557 445 982 71 198 519 274 270 887 741 9 99 480 900 247 978 380 634 885 412 120 750 313 642 267 416 290 629 281 573 828 586 716 86 528 433 641 303 915 593 339 474 435 837 374 455 35 146 411 470 116 341 418 968 510 109 848 974 835 743 682 493 294 208 827 541 165 421 961 744 949 899 39 938 876 989 
188 488 183 221 766 884 970 463 0 262 490 784 819 283 740 742 500 586 346 373 505 808 850 628 218 559 197 894 377 445 87 184 776 966 20 374 122 781 189 17 574 283 494 302 258 813 577 340 405 325 58 499 294 797 866 772 536 944 459 766 22 302 972 95 115 549 987 757 305 911 160 579 431 572 766 559 61 648 854 577 260 503 731 616 328 228 170 906 13 766 719 227 643 441 432 769 562 506 508 735 
872 969 489 843 910 309 245 868 262 0 816 435 360 751 662 456 816 239 364 231 53 874 696 102 670 578 160 537 913 980 953 743 773 372 571 188 364 667 604 399 585 158 872 557 372 31 895 764 78 998 726 13 738 260 813 5 537 874 225 578 507 723 311 313 267 308 133 760 798 111 485 107 677 517 139 58 693 952 784 217 857 991 913 557 889 467 810 61 772 827 349 817 559 380 127 275 578 851 105 7 
399 105 9 442 730 551 137 19 490 816 0 370 495 122 441 218 18 255 957 400 666 242 644 634 905 958 741 557 791 68 718 574 813 769 490 3 43 263 999 636 956 738 800 724 67 95 501 162 766 362 893 481 800 940 879 317 574 129 538 977 333 73 467 552 796 383 296 72 52 309 708 38 832 512 594 247 731 92 945 334 642 477 737 964 906 351 938 729 235 644 480 539 24 311 218 527 527 464 863 729 
261 641 531 17 828 19 199 400 784 435 370 0 923 300 691 685 514 270 405 442 177 780 556 887 226 586 535 513 447 821 419 254 29 602 311 204 753 914 169 90 197 745 292 926 385 179 188 857 47 628 318 269 478 748 110 151 836 59 721 263 900 65 962 891 498 824 998 692 449 66 746 408 804 20 236 774 801 191 434 278 427 760 467 511 926 370 745 11 359 418 959 128 641 298 494 419 671 339 760 225 
598 306 690 438 500 599 746 745 819 360 495 923 0 579 760 739 608 329 988 703 66 857 259 793 310 639 680 518 158 892 21 513 285 130 333 328 635 533 322 665 884 883 553 426 625 890 963 667 360 971 751 720 30 356 934 807 170 250 829 647 706 532 991 379 350 386 156 369 969 75 663 332 876 263 120 35 451 998 675 676 167 351 978 80 704 509 106 585 358 315 160 783 328 439 361 570 317 81 124 668 
368 288 652 270 424 23 759 592 283 751 122 300 579 0 185 968 60 575 101 123 785 19 486 554 42 540 538 753 327 859 890 946 758 292 904 603 902 263 393 810 479 725 994 253 300 834 822 298 359 428 146 328 3 133 610 402 683 887 491 745 1 95 550 412 689 26 508 677 323 201 122 636 148 971 438 772 271 785 405 375 383 605 355 173 689 592 128 275 688 8 832 437 534 481 49 374 675 870 715 249 
492 850 330 627 284 699 225 942 740 662 441 691 760 185 0 806 625 75 324 750 632 115 964 613 771 142 446 24 4 619 310 143 523 411 479 564 527 352 876 236 978 140 349 747 526 765 597 176 953 403 306 844 550 430 289 846 73 62 856 649 393 886 398 437 586 59 758 699 532 997 388 150 393 720 286 481 103 101 684 756 556 420 962 735 894 785 154 929 541 379 604 277 137 222 150 287 474 607 427 694 
509 119 31 431 838 318 434 107 742 456 218 685 739 968 806 0 793 718 730 753 468 148 944 324 710 208 609 258 670 49 231 174 458 415 789 632 12 123 433 420 113 666 734 82 315 399 638 849 990 774 513 109 812 640 807 85 575 867 210 84 551 342 556 353 735 543 576 564 309 510 593 671 206 94 366 679 258 500 459 725 832 518 349 517 952 573 323 783 155 254 196 310 251 295 472 383 198 738 84 66 
390 898 298 239 228 924 875 278 500 816 18 514 608 60 625 793 0 472 275 122 840 553 428 149 670 210 495 288 196 537 509 176 934 169 249 272 782 400 898 937 527 507 131 555 663 42 603 168 650 669 927 933 48 759 266 704 148 219 854 693 765 860 327 950 312 999 922 812 452 935 927 571 995 338 698 167 885 831 416 555 261 767 54 766 617 899 739 653 620 693 537 946 471 152 945 468 514 184 714 194 
568 743 175 998 932 493 783 38 586 239 255 270 329 575 75 718 472 0 321 283 676 438 477 815 872 398 31 704 108 622 711 3 526 456 8 508 515 629 658 459 288 579 654 398 550 848 103 399 873 267 739 67 878 40 617 353 979 252 593 525 534 258 45 379 729 399 370 933 117 216 675 253 290 803 82 258 209 797 938 258 168 491 457 537 326 801 512 301 921 709 13 334 146 682 731 629 565 167 388 758 
724 308 699 648 182 977 499 349 346 364 957 405 988 101 324 730 275 321 0 81 124 539 103 19 695 433 247 795 694 71 767 884 694 994 305 423 649 367 74 577 898 312 243 809 591 983 503 703 525 268 952 84 222 216 643 592 482 654 830 729 480 269 731 56 979 47 721 593 761 473 469 411 393 105 492 919 341 674 457 235 968 844 332 405 954 898 812 398 99 684 541 240 626 446 555 977 366 432 798 140 
661 119 455 51 704 693 657 973 373 231 400 442 703 123 750 753 122 283 81 0 813 57 301 793 908 871 387 85 454 733 482 295 580 178 670 377 439 43 915 624 752 370 239 493 153 323 160 267 150 338 518 827 944 474 861 763 419 936 279 851 222 159 372 860 401 203 587 587 688 57 172 687 291 242 738 280 892 542 746 777 577 230 807 177 245 527 846 322 599 889 198 955 465 654 912 595 383 255 71 59 
621 632 426 984 940 182 972 392 505 53 666 177 66 785 632 468 840 676 124 813 0 843 718 722 17 439 524 312 395 730 781 485 10 165 945 880 239 356 823 948 110 563 429 265 11 174 722 508 232 692 940 699 570 802 44 794 286 866 196 607 199 460 499 819 699 500 827 817 129 389 678 392 866 167 111 822 360 509 557 727 661 172 807 829 835 694 31 902 75 914 877 606 906 848 84 146 858 635 604 378 
49 355 212 490 409 686 591 161 808 874 242 780 857 19 115 148 553 438 539 57 843 0 882 277 248 556 455 642 749 764 851 664 709 421 440 988 138 760 795 172 374 447 312 703 448 427 754 551 366 28 66 784 112 622 482 709 586 14 19 614 489 768 717 828 232 373 227 156 120 706 4 625 13 847 959 619 580 929 262 813 330 292 623 130 571 835 868 584 621 576 253 819 55 93 52 339 259 822 646 116 
556 586 260 692 569 727 532 244 850 696 644 556 259 486 964 944 428 477 103 301 718 882 0 630 873 580 596 115 600 538 211 497 76 585 754 286 278 506 403 430 636 330 625 596 766 231 434 121 643 60 458 613 108 570 940 463 127 153 306 190 881 656 537 658 763 252 834 504 842 752 209 193 643 548 1000 737 79 972 468 605 907 204 795 873 5 518 232 251 983 218 500 661 177 41 989 563 144 815 616 743 
509 88 349 656 640 786 194 49 628 102 634 887 793 554 613 324 149 815 19 793 722 277 630 0 340 460 273 911 831 476 896 47 56 136 373 306 244 431 128 229 44 195 869 128 994 141 253 577 282 195 502 1000 981 566 548 744 296 459 804 966 471 151 959 569 471 845 641 113 585 392 762 217 66 938 326 304 926 453 156 424 604 754 418 590 296 709 635 470 7 390 790 674 235 544 456 734 616 155 938 419 
686 573 57 162 675 710 231 557 218 670 905 226 310 42 771 710 670 872 695 908 17 248 873 340 0 779 239 28 60 512 388 911 620 733 566 725 643 641 224 49 783 58 178 254 367 189 106 328 971 905 160 587 681 576 665 92 395 560 144 398 111 148 853 451 493 363 299 107 528 997 337 483 253 16 410 29 519 680 521 593 956 936 220 398 185 41 389 556 470 176 895 298 552 525 841 215 659 668 496 54 
396 39 711 540 760 987 521 445 559 578 958 586 639 540 142 208 210 398 433 871 439 556 580 460 779 0 818 638 593 137 39 885 312 77 909 490 376 18 806 958 782 181 470 233 860 611 520 869 297 532 721 897 115 126 777 131 426 788 847 900 729 975 200 8 540 879 535 75 388 947 362 883 735 580 619 281 489 181 533 279 527 854 622 166 413 136 49 956 93 404 720 915 575 864 393 264 733 380 611 972 
274 720 795 873 592 487 268 982 197 160 741 535 680 538 446 609 495 31 247 387 524 455 596 273 239 818 0 365 945 307 759 85 493 775 74 488 42 165 335 434 440 786 305 141 740 716 166 499 188 58 491 607 204 378 796 985 421 336 425 983 60 304 746 417 313 6 790 556 954 441 403 957 908 915 140 524 465 23 530 78 24 969 413 870 827 821 221 907 914 812 616 679 783 47 245 488 442 184 523 784 
63 146 397 523 925 22 594 71 894 537 557 513 518 753 24 258 288 704 795 85 312 642 115 911 28 638 365 0 970 923 525 669 640 156 385 6 112 722 138 874 295 954 303 690 235 321 552 643 595 140 656 902 830 408 63 687 997 691 773 633 131 608 644 70 580 566 413 568 271 14 830 506 32 768 668 562 865 363 425 251 868 35 343 261 37 467 254 346 580 820 208 868 30 174 447 231 409 158 547 704 
975 262 955 792 324 101 540 198 377 913 791 447 158 327 4 670 196 108 694 454 395 749 600 831 60 593 945 970 0 730 345 761 72 702 205 154 75 137 596 823 512 158 300 364 158 410 137 931 952 604 405 106 892 256 439 842 433 549 198 105 829 705 119 475 169 806 37 445 574 308 37 99 180 747 519 402 17 674 642 260 897 716 702 162 225 328 287 304 178 451 683 789 745 504 627 603 518 869 864 505 
620 934 686 946 195 993 89 519 445 980 68 821 892 859 619 49 537 622 71 733 730 764 538 476 512 137 307 923 730 0 33 781 273 820 183 99 530 306 807 476 985 109 728 25 209 676 320 242 621 261 501 305 510 485 493 59 360 861 958 199 631 587 236 500 214 336 304 50 831 441 474 31 539 880 71 75 104 671 464 724 644 431 931 354 252 918 624 92 321 297 758 236 769 750 200 787 456 261 62 670 
603 245 701 537 282 999 83 274 87 953 718 419 21 890 310 231 509 711 767 482 781 851 211 896 388 39 759 525 345 33 0 54 693 945 930 446 513 78 282 533 784 423 586 925 732 782 183 555 67 25 418 168 157 160 434 869 695 216 189 645 136 896 21 709 596 691 795 392 707 433 391 82 929 76 244 806 354 246 426 947 678 756 483 878 603 37 979 291 859 950 354 792 629 160 29 371 542 134 79 751 
606 299 277 306 187 559 656 270 184 743 574 254 513 946 143 174 176 3 884 295 485 664 497 47 911 885 85 669 761 781 54 0 789 757 312 117 383 403 878 935 961 70 868 139 585 155 519 630 775 901 708 185 367 849 671 453 884 87 885 82 384 65 284 930 170 449 159 562 797 447 335 704 732 882 719 572 786 200 591 963 922 757 321 723 924 746 6 389 897 330 560 612 219 590 280 121 566 846 904 341 
366 80 330 23 266 240 679 887 776 773 813 29 285 758 523 458 934 526 694 580 10 709 76 56 620 312 493 640 72 273 693 789 0 194 260 348 81 856 529 58 280 386 894 462 930 513 872 940 804 989 848 941 951 699 107 797 429 159 180 612 753 710 791 373 922 13 799 983 694 117 941 921 50 989 83 394 674 5 788 3 404 716 847 664 148 945 235 72 432 481 372 806 631 223 896 386 188 105 749 692 
704 375 164 322 614 194 560 741 966 372 769 602 130 292 411 415 169 456 994 178 165 421 585 136 733 77 775 156 702 820 945 757 194 0 441 489 120 914 206 795 260 441 104 857 327 557 855 921 241 411 224 203 97 893 380 180 376 90 505 613 784 567 460 807 717 916 53 289 727 854 833 621 55 871 461 45 666 863 672 139 456 759 636 395 824 934 53 260 300 393 982 423 962 112 50 418 137 353 57 463 
108 78 159 301 638 900 618 9 20 571 490 311 333 904 479 789 249 8 305 670 945 440 754 373 566 909 74 385 205 183 930 312 260 441 0 402 790 439 826 44 500 866 512 614 93 267 748 184 865 430 390 721 842 770 380 859 20 57 784 248 21 530 368 753 995 621 716 508 518 161 916 92 76 835 641 508 666 320 757 132 34 954 977 561 201 155 730 110 203 304 3 649 506 434 137 179 565 930 493 339 
964 249 692 933 610 711 855 99 374 188 3 204 328 603 564 632 272 508 423 377 880 988 286 306 725 490 488 6 154 99 446 117 348 489 402 0 5 120 514 160 240 494 200 631 909 252 758 500 142 82 254 431 331 732 451 301 692 816 618 909 133 616 227 825 398 630 396 45 952 170 518 643 374 986 271 180 81 14 394 119 60 82 914 371 32 78 169 839 40 518 433 409 847 325 8 374 720 178 688 923 
309 200 256 407 925 795 761 480 122 364 43 753 635 902 527 12 782 515 649 439 239 138 278 244 643 376 42 112 75 530 513 383 81 120 790 5 0 793 43 730 897 437 286 568 967 923 849 8 318 439 224 46 932 180 86 282 116 658 907 761 397 611 513 769 178 229 439 38 51 783 527 540 207 358 7 64 367 456 320 86 160 1 737 435 922 195 153 580 249 44 220 742 675 581 90 985 464 545 1000 265 
915 550 485 36 913 879 141 900 781 667 263 914 533 263 352 123 400 629 367 43 356 760 506 431 641 18 165 722 137 306 78 403 856 914 439 120 793 0 307 546 625 126 662 742 762 532 502 842 74 592 624 329 627 873 344 757 377 911 193 271 258 479 415 341 590 436 369 284 427 68 982 2 880 600 88 350 232 393 68 882 303 614 227 793 22 131 673 799 538 860 702 549 15 711 908 82 268 317 617 820 
931 371 573 949 985 838 482 247 189 604 999 169 322 393 876 433 898 658 74 915 823 795 403 128 224 806 335 138 596 807 282 878 529 206 826 514 43 307 0 490 971 479 85 395 29 1 70 142 761 849 543 411 611 305 278 238 407 253 498 693 774 918 141 418 88 103 830 881 325 624 553 789 137 455 387 872 498 981 903 227 259 55 101 113 66 922 814 46 866 410 950 829 807 420 308 272 110 467 563 263 
760 583 263 110 103 584 502 978 17 399 636 90 665 810 236 420 937 459 577 624 948 172 430 229 49 958 434 874 823 476 533 935 58 795 44 160 730 546 490 0 470 71 132 869 224 87 425 699 722 115 633 545 577 977 951 405 651 954 718 527 771 264 484 863 644 777 426 146 355 45 686 118 989 929 124 974 780 103 525 662 771 503 467 402 601 774 322 837 261 809 290 320 318 373 522 753 25 50 859 351 
98 944 125 539 961 286 126 380 574 585 956 197 884 479 978 113 527 288 898 752 110 374 636 44 783 782 440 295 512 985 784 961 280 260 500 240 897 625 971 470 0 284 533 299 133 914 749 606 504 941 701 341 364 485 508 114 266 784 769 200 764 553 725 654 856 744 853 395 224 178 818 108 908 117 578 407 276 344 204 450 159 956 139 701 910 949 834 860 309 687 50 717 573 90 34 708 197 168 73 178 
561 278 667 797 756 996 909 634 283 158 738 745 883 725 140 666 507 579 312 370 563 447 330 195 58 181 786 954 158 109 423 70 386 441 866 494 437 126 479 71 284 0 236 470 447 447 571 655 526 211 787 891 411 596 156 554 332 382 35 669 458 991 959 321 236 837 478 953 377 932 260 178 968 319 980 119 580 424 199 913 901 883 837 429 971 272 103 775 452 405 429 367 182 82 525 150 637 930 778 343 
568 815 166 293 307 183 151 885 494 872 800 292 553 994 349 734 131 654 243 239 429 312 625 869 178 470 305 303 300 728 586 868 894 104 512 200 286 662 85 132 533 236 0 146 961 266 964 907 121 743 950 165 54 76 60 908 839 12 438 141 22 681 797 106 493 601 775 190 804 110 783 878 792 300 711 748 932 645 958 291 197 262 933 264 878 144 418 847 971 227 601 448 958 671 367 524 695 741 618 576 
423 85 581 124 170 711 129 412 302 557 724 926 426 253 747 82 555 398 809 493 265 703 596 128 254 233 141 690 364 25 925 139 462 857 614 631 568 742 395 869 299 470 146 0 110 803 711 272 863 911 451 412 745 840 441 920 435 385 597 846 470 84 715 384 558 481 8 764 545 605 480 440 136 731 49 793 726 693 878 125 677 658 469 781 613 810 939 796 18 353 209 500 252 880 746 278 513 248 549 845 
76 722 244 157 628 641 318 120 258 372 67 385 625 300 526 315 663 550 591 153 11 448 766 994 367 860 740 235 158 209 732 585 930 327 93 909 967 762 29 224 133 447 961 110 0 280 744 304 236 990 932 218 413 728 118 308 366 268 877 413 811 437 509 84 924 862 985 981 51 485 381 165 467 641 417 242 850 208 955 639 283 488 191 601 11 216 230 401 492 764 612 155 67 562 574 876 663 151 492 943 
746 486 776 761 387 366 913 750 813 31 95 179 890 834 765 399 42 848 983 323 174 427 231 141 189 611 716 321 410 676 782 155 513 557 267 252 923 532 1 87 914 447 266 803 280 0 912 434 73 497 608 8 603 505 700 753 263 425 294 790 414 566 546 894 78 11 884 888 335 458 171 27 536 371 996 580 34 746 993 399 104 33 247 350 771 928 572 775 511 957 204 724 446 892 868 162 168 347 396 621 
382 553 321 230 535 995 403 313 577 895 501 188 963 822 597 638 603 103 503 160 722 754 434 253 106 520 166 552 137 320 183 519 872 855 748 758 849 502 70 425 749 571 964 711 744 912 0 121 852 685 964 872 557 831 599 356 361 604 159 929 372 426 622 736 644 23 936 679 853 114 424 462 341 824 415 471 335 192 688 202 861 175 169 649 917 734 261 578 524 606 405 161 502 526 218 12 63 337 632 263 
700 698 367 202 209 88 307 642 340 764 162 857 667 298 176 849 168 399 703 267 508 551 121 577 328 869 499 643 931 242 555 630 940 921 184 500 8 842 142 699 606 655 907 272 304 434 121 0 886 658 210 150 812 838 383 11 865 838 730 105 927 296 187 33 236 860 258 145 854 419 659 735 461 978 467 408 734 390 370 194 895 254 596 719 627 114 968 53 111 457 148 101 538 66 518 343 528 335 558 136 
472 832 175 90 339 726 210 267 405 78 766 47 360 359 953 990 650 873 525 150 232 366 643 282 971 297 188 595 952 621 67 775 804 241 865 142 318 74 761 722 504 526 121 863 236 73 852 886 0 763 346 426 832 896 317 458 593 676 886 666 947 175 591 272 806 409 606 172 803 674 197 279 826 526 429 838 243 894 930 656 271 875 55 886 97 728 435 427 783 17 568 409 943 925 599 790 84 514 783 730 
946 728 35 529 94 677 811 416 325 998 362 628 971 428 403 774 669 267 268 338 692 28 60 195 905 532 58 140 604 261 25 901 989 411 430 82 439 592 849 115 941 211 743 911 990 497 685 658 763 0 267 307 778 399 241 948 194 257 340 658 851 46 704 792 622 69 656 271 965 586 892 872 85 928 906 390 676 866 496 436 828 370 852 53 222 631 425 975 623 641 297 400 479 972 124 340 428 768 429 754 
952 996 454 331 407 649 235 290 58 726 893 318 751 146 306 513 927 739 952 518 940 66 458 502 160 721 491 656 405 501 418 708 848 224 390 254 224 624 543 633 701 787 950 451 932 608 964 210 346 267 0 976 756 663 244 774 636 126 360 308 148 454 911 245 988 415 196 731 541 827 830 421 104 572 556 39 625 932 115 322 824 835 755 247 223 992 165 374 709 697 698 55 354 719 429 289 910 589 628 194 
727 637 684 537 138 844 257 629 499 13 481 269 720 328 844 109 933 67 84 827 699 784 613 1000 587 897 607 902 106 305 168 185 941 203 721 431 46 329 411 545 341 891 165 412 218 8 872 150 426 307 976 0 401 698 712 603 878 542 433 272 498 635 441 90 504 261 784 988 932 62 874 22 43 692 539 11 954 402 838 735 283 47 861 715 283 773 818 328 857 930 445 14 848 773 682 288 293 500 387 460 
476 442 940 475 28 836 434 281 294 738 800 478 30 3 550 812 48 878 222 944 570 112 108 981 681 115 204 830 892 510 157 367 951 97 842 331 932 627 611 577 364 411 54 745 413 603 557 812 832 778 756 401 0 20 75 8 780 622 358 623 691 813 420 971 205 793 234 778 84 291 247 848 449 126 216 360 607 794 757 248 157 661 475 535 792 817 644 910 595 568 549 570 534 416 175 679 686 590 74 869 
242 215 733 922 682 936 104 573 797 260 940 748 356 133 430 640 759 40 216 474 802 622 570 566 576 126 378 408 256 485 160 849 699 893 770 732 180 873 305 977 485 596 76 840 728 505 831 838 896 399 663 698 20 0 183 588 762 278 666 849 28 461 799 902 102 666 29 586 383 930 390 965 746 119 555 127 55 903 582 926 730 390 549 471 227 862 748 976 44 914 549 716 530 112 770 851 405 755 243 937 
232 263 947 358 992 354 965 828 866 813 879 110 934 610 289 807 266 617 643 861 44 482 940 548 665 777 796 63 439 493 434 671 107 380 380 451 86 344 278 951 508 156 60 441 118 700 599 383 317 241 244 712 75 183 0 346 526 1000 236 238 320 137 751 10 327 457 776 453 868 806 987 590 108 981 216 314 879 206 345 158 887 800 630 656 930 482 804 797 863 671 586 39 83 668 490 21 908 654 676 878 
260 739 312 55 153 750 899 586 772 5 317 151 807 402 846 85 704 353 592 763 794 709 463 744 92 131 985 687 842 59 869 453 797 180 859 301 282 757 238 405 114 554 908 920 308 753 356 11 458 948 774 603 8 588 346 0 526 181 854 21 802 312 624 773 697 507 533 236 611 287 935 330 701 493 626 389 125 825 277 841 112 596 46 932 328 857 385 818 64 743 444 867 437 940 368 893 696 257 921 923 
99 70 330 137 911 388 358 716 536 537 574 836 170 683 73 575 148 979 482 419 286 586 127 296 395 426 421 997 433 360 695 884 429 376 20 692 116 377 407 651 266 332 839 435 366 263 361 865 593 194 636 878 780 762 526 526 0 65 864 100 109 435 998 261 994 896 564 661 122 877 104 847 480 698 525 407 543 436 466 556 608 595 523 637 991 349 797 283 136 317 268 982 456 975 162 466 489 135 206 260 
187 946 523 619 658 569 854 86 944 874 129 59 250 887 62 867 219 252 654 936 866 14 153 459 560 788 336 691 549 861 216 87 159 90 57 816 658 911 253 954 784 382 12 385 268 425 604 838 676 257 126 542 622 278 1000 181 65 0 660 572 379 440 496 778 639 463 565 8 822 246 389 546 15 895 356 189 695 229 874 236 262 120 43 525 756 302 25 56 128 482 553 69 217 66 734 860 702 190 550 14 
687 871 965 900 439 403 58 528 459 225 538 721 829 491 856 210 854 593 830 279 196 19 306 804 144 847 425 773 198 958 189 885 180 505 784 618 907 193 498 718 769 35 438 597 877 294 159 730 886 340 360 433 358 666 236 854 864 660 0 653 284 919 267 842 628 73 297 803 882 652 765 836 732 261 645 950 341 539 702 443 331 630 388 192 365 324 638 515 995 914 3 86 466 466 166 476 104 766 467 978 
978 414 969 167 298 149 671 433 766 578 977 263 647 745 649 84 693 525 729 851 607 614 190 966 398 900 983 633 105 199 645 82 612 613 248 909 761 271 693 527 200 669 141 846 413 790 929 105 666 658 308 272 623 849 238 21 100 572 653 0 289 139 468 88 162 702 600 457 696 536 140 297 11 797 44 808 559 109 108 816 504 310 576 150 568 676 83 939 313 120 951 770 201 479 141 68 7 3 421 764 
204 770 649 638 381 262 885 641 22 507 333 900 706 1 393 551 765 534 480 222 199 489 881 471 111 729 60 131 829 631 136 384 753 784 21 133 397 258 774 771 764 458 22 470 811 414 372 927 947 851 148 498 691 28 320 802 109 379 284 289 0 378 732 277 852 150 220 57 4 38 214 576 905 127 778 263 150 251 690 311 257 551 325 231 359 571 1000 147 448 131 662 656 985 167 286 999 509 450 612 35 
361 771 672 113 555 693 598 303 302 723 73 65 532 95 886 342 860 258 269 159 460 768 656 151 148 975 304 608 705 587 896 65 710 567 530 616 611 479 918 264 553 991 681 84 437 566 426 296 175 46 454 635 813 461 137 312 435 440 919 139 378 0 640 550 576 115 91 547 940 84 507 269 13 688 889 755 47 785 479 741 360 737 222 69 967 360 968 805 853 864 356 229 446 977 547 846 646 899 545 728 
814 556 87 733 437 702 695 915 972 311 467 962 991 550 398 556 327 45 731 372 499 717 537 959 853 200 746 644 119 236 21 284 791 460 368 227 513 415 141 484 725 959 797 715 509 546 622 187 591 704 911 441 420 799 751 624 998 496 267 468 732 640 0 17 331 150 110 18 844 982 474 1 743 30 114 732 696 660 50 130 777 66 896 872 491 421 441 327 209 449 862 382 771 420 772 189 924 849 325 456 
104 874 99 823 101 611 237 593 95 313 552 891 379 412 437 353 950 379 56 860 819 828 658 569 451 8 417 70 475 500 709 930 373 807 753 825 769 341 418 863 654 321 106 384 84 894 736 33 272 792 245 90 971 902 10 773 261 778 842 88 277 550 17 0 125 514 370 392 697 154 507 849 955 467 212 656 823 255 829 666 661 266 524 246 859 515 586 218 231 611 33 462 967 741 181 384 697 907 712 78 
650 708 769 826 477 110 595 339 115 267 796 498 350 689 586 735 312 729 979 401 699 232 763 471 493 540 313 580 169 214 596 170 922 717 995 398 178 590 88 644 856 236 493 558 924 78 644 236 806 622 988 504 205 102 327 697 994 639 628 162 852 576 331 125 0 30 495 835 18 290 339 889 419 911 701 151 712 999 151 879 816 496 858 463 791 293 372 416 504 256 689 651 407 88 948 615 782 604 953 191 
644 325 874 821 266 314 816 474 549 308 383 824 386 26 59 543 999 399 47 203 500 373 252 845 363 879 6 566 806 336 691 449 13 916 621 630 229 436 103 777 744 837 601 481 862 11 23 860 409 69 415 261 793 666 457 507 896 463 73 702 150 115 150 514 30 0 825 877 361 142 389 92 170 864 106 239 361 979 159 261 810 19 872 784 691 576 522 436 763 104 864 30 277 853 909 367 489 130 169 147 
123 144 259 558 598 35 653 435 987 133 296 998 156 508 758 576 922 370 721 587 827 227 834 641 299 535 790 413 37 304 795 159 799 53 716 396 439 369 830 426 853 478 775 8 985 884 936 258 606 656 196 784 234 29 776 533 564 565 297 600 220 91 110 370 495 825 0 436 1 323 24 491 680 452 483 187 255 268 222 784 72 700 437 617 890 945 754 57 271 480 818 870 166 417 540 110 768 436 399 352 
766 934 545 947 711 398 776 837 757 760 72 692 369 677 699 564 812 933 593 587 817 156 504 113 107 75 556 568 445 50 392 562 983 289 508 45 38 284 881 146 395 953 190 764 981 888 679 145 172 271 731 988 778 586 453 236 661 8 803 457 57 547 18 392 835 877 436 0 68 72 217 780 978 620 59 567 79 454 470 317 327 496 594 249 64 839 525 347 752 651 908 744 434 20 38 600 245 148 304 807 
224 512 669 369 259 973 558 374 305 798 52 449 969 323 532 309 452 117 761 688 129 120 842 585 528 388 954 271 574 831 707 797 694 727 518 952 51 427 325 355 224 377 804 545 51 335 853 854 803 965 541 932 84 383 868 611 122 822 882 696 4 940 844 697 18 361 1 68 0 561 722 94 401 463 193 588 944 371 226 142 464 984 451 576 64 58 194 587 653 315 565 930 643 915 168 800 756 447 785 318 
788 325 422 363 53 577 907 455 911 111 309 66 75 201 997 510 935 216 473 57 389 706 752 392 997 947 441 14 308 441 433 447 117 854 161 170 783 68 624 45 178 932 110 605 485 458 114 419 674 586 827 62 291 930 806 287 877 246 652 536 38 84 982 154 290 142 323 72 561 0 576 631 816 907 221 59 752 600 477 363 330 754 537 81 307 866 919 454 488 889 767 51 324 837 847 733 877 902 313 614 
299 116 91 582 226 695 66 35 160 485 708 746 663 122 388 593 927 675 469 172 678 4 209 762 337 362 403 830 37 474 391 335 941 833 916 518 527 982 553 686 818 260 783 480 381 171 424 659 197 892 830 874 247 390 987 935 104 389 765 140 214 507 474 507 339 389 24 217 722 576 0 898 966 901 182 540 210 908 346 978 97 998 412 650 664 612 846 183 364 459 550 64 751 392 911 352 621 549 162 157 
254 891 188 389 723 920 559 146 579 107 38 408 332 636 150 671 571 253 411 687 392 625 193 217 483 883 957 506 99 31 82 704 921 621 92 643 540 2 789 118 108 178 878 440 165 27 462 735 279 872 421 22 848 965 590 330 847 546 836 297 576 269 1 849 889 92 491 780 94 631 898 0 309 931 122 346 571 66 781 944 622 940 941 629 974 359 379 798 961 1 967 646 567 356 554 508 952 966 210 495 
553 160 775 344 325 801 805 411 431 677 832 804 876 148 393 206 995 290 393 291 866 13 643 66 253 735 908 32 180 539 929 732 50 55 76 374 207 880 137 989 908 968 792 136 467 536 341 461 826 85 104 43 449 746 108 701 480 15 732 11 905 13 743 955 419 170 680 978 401 816 966 309 0 577 200 529 331 375 675 275 582 637 374 509 629 490 21 580 940 294 547 769 506 918 371 235 865 183 90 308 
135 110 444 602 645 136 414 470 572 517 512 20 263 971 720 94 338 803 105 242 167 847 548 938 16 580 915 768 747 880 76 882 989 871 835 986 358 600 455 929 117 319 300 731 641 371 824 978 526 928 572 692 126 119 981 493 698 895 261 797 127 688 30 467 911 864 452 620 463 907 901 931 577 0 244 639 141 905 655 621 645 612 344 266 894 107 264 29 334 37 150 511 60 62 629 227 315 289 131 84 
200 661 217 571 837 195 96 116 766 139 594 236 120 438 286 366 698 82 492 738 111 959 1000 326 410 619 140 668 519 71 244 719 83 461 641 271 7 88 387 124 578 980 711 49 417 996 415 467 429 906 556 539 216 555 216 626 525 356 645 44 778 889 114 212 701 106 483 59 193 221 182 122 200 244 0 138 296 758 658 68 651 597 761 409 938 520 317 593 331 705 175 497 819 235 299 137 816 565 758 692 
171 968 240 585 786 668 842 341 559 58 247 774 35 772 481 679 167 258 919 280 822 619 737 304 29 281 524 562 402 75 806 572 394 45 508 180 64 350 872 974 407 119 748 793 242 580 471 408 838 390 39 11 360 127 314 389 407 189 950 808 263 755 732 656 151 239 187 567 588 59 540 346 529 639 138 0 532 583 630 913 216 476 916 462 640 705 250 980 431 57 510 924 572 480 944 110 527 334 934 250 
770 219 961 529 408 702 567 418 61 693 731 801 451 271 103 258 885 209 341 892 360 580 79 926 519 489 465 865 17 104 354 786 674 666 666 81 367 232 498 780 276 580 932 726 850 34 335 734 243 676 625 954 607 55 879 125 543 695 341 559 150 47 696 823 712 361 255 79 944 752 210 571 331 141 296 532 0 2 647 19 748 644 942 615 664 387 187 155 196 345 705 586 857 305 496 388 834 636 527 57 
527 983 617 769 10 594 722 968 648 952 92 191 998 785 101 500 831 797 674 542 509 929 972 453 680 181 23 363 674 671 246 200 5 863 320 14 456 393 981 103 344 424 645 693 208 746 192 390 894 866 932 402 794 903 206 825 436 229 539 109 251 785 660 255 999 979 268 454 371 600 908 66 375 905 758 583 2 0 345 621 511 772 281 409 854 253 930 523 854 310 931 657 672 760 868 148 878 901 741 954 
950 972 895 167 255 648 960 510 854 784 945 434 675 405 684 459 416 938 457 746 557 262 468 156 521 533 530 425 642 464 426 591 788 672 757 394 320 68 903 525 204 199 958 878 955 993 688 370 930 496 115 838 757 582 345 277 466 874 702 108 690 479 50 829 151 159 222 470 226 477 346 781 675 655 658 630 647 345 0 458 111 81 864 180 618 170 569 33 541 865 658 24 461 897 814 452 54 668 491 385 
351 928 840 818 765 948 751 109 577 217 334 278 676 375 756 725 555 258 235 777 727 813 605 424 593 279 78 251 260 724 947 963 3 139 132 119 86 882 227 662 450 913 291 125 639 399 202 194 656 436 322 735 248 926 158 841 556 236 443 816 311 741 130 666 879 261 784 317 142 363 978 944 275 621 68 913 19 621 458 0 370 519 997 501 112 466 621 581 978 361 273 995 800 230 94 530 917 501 309 138 
26 409 779 760 656 704 270 848 260 857 642 427 167 383 556 832 261 168 968 577 661 330 907 604 956 527 24 868 897 644 678 922 404 456 34 60 160 303 259 771 159 901 197 677 283 104 861 895 271 828 824 283 157 730 887 112 608 262 331 504 257 360 777 661 816 810 72 327 464 330 97 622 582 645 651 216 748 511 111 370 0 141 485 813 427 235 354 849 476 302 227 409 151 83 991 488 658 668 169 707 
690 286 4 198 15 890 661 974 503 991 477 760 351 605 420 518 767 491 844 230 172 292 204 754 936 854 969 35 716 431 756 757 716 759 954 82 1 614 55 503 956 883 262 658 488 33 175 254 875 370 835 47 661 390 800 596 595 120 630 310 551 737 66 266 496 19 700 496 984 754 998 940 637 612 597 476 644 772 81 519 141 0 618 426 841 513 86 758 601 561 707 430 815 967 242 92 315 608 470 930 
267 565 802 657 716 749 251 835 731 913 737 467 978 355 962 349 54 457 332 807 807 623 795 418 220 622 413 343 702 931 483 321 847 636 977 914 737 227 101 467 139 837 933 469 191 247 169 596 55 852 755 861 475 549 630 46 523 43 388 576 325 222 896 524 858 872 437 594 451 537 412 941 374 344 761 916 942 281 864 997 485 618 0 567 746 239 790 908 186 643 69 360 647 354 128 169 209 1000 47 597 
209 959 518 839 356 40 233 743 616 557 964 511 80 173 735 517 766 537 405 177 829 130 873 590 398 166 870 261 162 354 878 723 664 395 561 371 435 793 113 402 701 429 264 781 601 350 649 719 886 53 247 715 535 471 656 932 637 525 192 150 231 69 872 246 463 784 617 249 576 81 650 629 509 266 409 462 615 409 180 501 813 426 567 0 218 403 349 759 71 869 128 330 36 498 518 518 343 609 594 928 
347 897 222 278 533 98 469 682 328 889 906 926 704 689 894 952 617 326 954 245 835 571 5 296 185 413 827 37 225 252 603 924 148 824 201 32 922 22 66 601 910 971 878 613 11 771 917 627 97 222 223 283 792 227 930 328 991 756 365 568 359 967 491 859 791 691 890 64 64 307 664 974 629 894 938 640 664 854 618 112 427 841 746 218 0 726 833 86 644 475 255 145 696 78 363 942 720 363 712 218 
67 27 898 410 134 262 977 493 228 467 351 370 509 592 785 573 899 801 898 527 694 835 518 709 41 136 821 467 328 918 37 746 945 934 155 78 195 131 922 774 949 272 144 810 216 928 734 114 728 631 992 773 817 862 482 857 349 302 324 676 571 360 421 515 293 576 945 839 58 866 612 359 490 107 520 705 387 253 170 466 235 513 239 403 726 0 594 56 48 313 654 399 81 373 617 541 468 5 75 475 
720 260 74 373 935 749 943 294 170 810 938 745 106 128 154 323 739 512 812 846 31 868 232 635 389 49 221 254 287 624 979 6 235 53 730 169 153 673 814 322 834 103 418 939 230 572 261 968 435 425 165 818 644 748 804 385 797 25 638 83 1000 968 441 586 372 522 754 525 194 919 846 379 21 264 317 250 187 930 569 621 354 86 790 349 833 594 0 928 486 964 571 197 472 790 237 762 391 217 514 202 
733 981 970 370 416 321 690 208 906 61 729 11 585 275 929 783 653 301 398 322 902 584 251 470 556 956 907 346 304 92 291 389 72 260 110 839 580 799 46 837 860 775 847 796 401 775 578 53 427 975 374 328 910 976 797 818 283 56 515 939 147 805 327 218 416 436 57 347 587 454 183 798 580 29 593 980 155 523 33 581 849 758 908 759 86 56 928 0 779 143 522 479 152 405 525 407 208 497 269 829 
368 111 442 306 257 598 984 827 13 772 235 359 358 688 541 155 620 921 99 599 75 621 983 7 470 93 914 580 178 321 859 897 432 300 203 40 249 538 866 261 309 452 971 18 492 511 524 111 783 623 709 857 595 44 863 64 136 128 995 313 448 853 209 231 504 763 271 752 653 488 364 961 940 334 331 431 196 854 541 978 476 601 186 71 644 48 486 779 0 147 558 819 650 438 702 401 169 194 624 840 
527 833 91 975 37 652 205 541 766 827 644 418 315 8 379 254 693 709 684 889 914 576 218 390 176 404 812 820 451 297 950 330 481 393 304 518 44 860 410 809 687 405 227 353 764 957 606 457 17 641 697 930 568 914 671 743 317 482 914 120 131 864 449 611 256 104 480 651 315 889 459 1 294 37 705 57 345 310 865 361 302 561 643 869 475 313 964 143 147 0 573 634 289 255 754 237 494 335 333 179 
877 262 277 92 62 239 347 165 719 349 480 959 160 832 604 196 537 13 541 198 877 253 500 790 895 720 616 208 683 758 354 560 372 982 3 433 220 702 950 290 50 429 601 209 612 204 405 148 568 297 698 445 549 549 586 444 268 553 3 951 662 356 862 33 689 864 818 908 565 767 550 967 547 150 175 510 705 931 658 273 227 707 69 128 255 654 571 522 558 573 0 248 704 883 17 827 566 851 42 944 
824 219 280 685 252 968 901 421 227 817 539 128 783 437 277 310 946 334 240 955 606 819 661 674 298 915 679 868 789 236 792 612 806 423 649 409 742 549 829 320 717 367 448 500 155 724 161 101 409 400 55 14 570 716 39 867 982 69 86 770 656 229 382 462 651 30 870 744 930 51 64 646 769 511 497 924 586 657 24 995 409 430 360 330 145 399 197 479 819 634 248 0 634 604 987 399 30 996 587 874 
475 863 981 288 865 362 157 961 643 559 24 641 328 534 137 251 471 146 626 465 906 55 177 235 552 575 783 30 745 769 629 219 631 962 506 847 675 15 807 318 573 182 958 252 67 446 502 538 943 479 354 848 534 530 83 437 456 217 466 201 985 446 771 967 407 277 166 434 643 324 751 567 506 60 819 572 857 672 461 800 151 815 647 36 696 81 472 152 650 289 704 634 0 231 300 434 491 585 229 258 
86 474 953 845 750 118 278 744 441 380 311 298 439 481 222 295 152 682 446 654 848 93 41 544 525 864 47 174 504 750 160 590 223 112 434 325 581 711 420 373 90 82 671 880 562 892 526 66 925 972 719 773 416 112 668 940 975 66 466 479 167 977 420 741 88 853 417 20 915 837 392 356 918 62 235 480 305 760 897 230 83 967 354 498 78 373 790 405 438 255 883 604 231 0 788 15 490 51 366 400 
654 696 670 506 113 689 772 949 432 127 218 494 361 49 150 472 945 731 555 912 84 52 989 456 841 393 245 447 627 200 29 280 896 50 137 8 90 908 308 522 34 525 367 746 574 868 218 518 599 124 429 682 175 770 490 368 162 734 166 141 286 547 772 181 948 909 540 38 168 847 911 554 371 629 299 944 496 868 814 94 991 242 128 518 363 617 237 525 702 754 17 987 300 788 0 134 726 254 298 951 
519 248 48 58 637 216 904 899 769 275 527 419 570 374 287 383 468 629 977 595 146 339 563 734 215 264 488 231 603 787 371 121 386 418 179 374 985 82 272 753 708 150 524 278 876 162 12 343 790 340 289 288 679 851 21 893 466 860 476 68 999 846 189 384 615 367 110 600 800 733 352 508 235 227 137 110 388 148 452 530 488 92 169 518 942 541 762 407 401 237 827 399 434 15 134 0 624 188 182 800 
49 381 243 648 532 976 351 39 562 578 527 671 317 675 474 198 514 565 366 383 858 259 144 616 659 733 442 409 518 456 542 566 188 137 565 720 464 268 110 25 197 637 695 513 663 168 63 528 84 428 910 293 686 405 908 696 489 702 104 7 509 646 924 697 782 489 768 245 756 877 621 952 865 315 816 527 834 878 54 917 658 315 209 343 720 468 391 208 169 494 566 30 491 490 726 624 0 181 534 546 
978 845 220 733 73 840 36 938 506 851 464 339 81 870 607 738 184 167 432 255 635 822 815 155 668 380 184 158 869 261 134 846 105 353 930 178 545 317 467 50 168 930 741 248 151 347 337 335 514 768 589 500 590 755 654 257 135 190 766 3 450 899 849 907 604 130 436 148 447 902 549 966 183 289 565 334 636 901 668 501 668 608 1000 609 363 5 217 497 194 335 851 996 585 51 254 188 181 0 48 302 
689 687 979 590 588 944 772 876 508 105 863 760 124 715 427 84 714 388 798 71 604 646 616 938 496 611 523 547 864 62 79 904 749 57 493 688 1000 617 563 859 73 778 618 549 492 396 632 558 783 429 628 387 74 243 676 921 206 550 467 421 612 545 325 712 953 169 399 304 785 313 162 210 90 131 758 934 527 741 491 309 169 470 47 594 712 75 514 269 624 333 42 587 229 366 298 182 534 48 0 606 
485 671 361 999 232 802 129 989 735 7 729 225 668 249 694 66 194 758 140 59 378 116 743 419 54 972 784 704 505 670 751 341 692 463 339 923 265 820 263 351 178 343 576 845 943 621 263 136 730 754 194 460 869 937 878 923 260 14 978 764 35 728 456 78 191 147 352 807 318 614 157 495 308 84 692 250 57 954 385 138 707 930 597 928 218 475 202 829 840 179 944 874 258 400 951 800 546 302 606 0 
26
63 67
15 9
74 50
100 75
58 5
11 96
64 92
92 91
10 18
44 90
57 22
34 82
79 85
84 79
82 85
36 44
3 2
4 28
52 56
2 9
60 12
4 23
4 48
65 17
8 6
26 29
