92
0 521 281 769 818 829 481 730 761 495 82 772 507 900 804 871 350 231 789 783 812 257 702 582 933 963 777 488 285 252 883 519 578 369 240 129 895 540 345 967 388 680 790 265 958 27 137 864 452 580 613 333 322 977 780 375 392 110 899 475 599 308 69 705 345 447 593 115 588 245 174 10 449 715 891 283 369 273 905 129 436 558 381 174 177 452 681 845 776 992 155 371 
521 0 945 438 508 849 276 199 1 867 290 757 172 537 88 870 860 636 83 941 340 375 412 68 403 879 765 176 771 440 741 934 225 270 306 915 28 64 827 495 289 658 498 136 310 46 960 313 581 783 394 167 837 812 304 756 37 348 599 359 84 64 762 863 26 3 853 282 927 334 935 596 174 529 350 321 779 847 778 891 284 522 879 484 315 411 243 484 940 960 245 784 
281 945 0 131 316 752 976 986 68 930 463 101 416 799 448 443 814 570 126 540 627 727 604 619 153 433 573 96 18 214 699 476 207 689 332 574 212 703 164 184 898 827 528 807 275 587 721 619 115 501 676 895 561 348 266 738 894 117 325 585 899 813 111 374 230 512 690 721 703 181 373 783 88 450 695 838 544 859 657 860 334 547 858 49 47 261 515 80 14 947 242 349 
769 438 131 0 489 727 587 816 281 162 409 896 789 336 889 794 789 24 843 347 789 52 782 45 887 677 110 869 374 537 675 569 499 552 933 464 443 100 952 425 505 827 233 39 128 225 838 372 139 82 657 620 251 535 857 358 3 794 512 664 90 329 997 862 881 299 322 461 369 467 531 416 217 394 824 78 903 716 832 750 128 503 41 736 401 360 504 429 604 639 708 973 
818 508 316 489 0 73 622 771 633 707 876 517 333 726 765 769 660 757 635 248 980 136 314 383 108 582 36 762 610 562 306 608 184 961 940 172 183 993 72 654 155 861 116 615 936 131 165 492 762 810 610 339 605 955 716 324 51 227 509 775 681 277 797 444 635 86 639 193 684 351 451 569 485 93 967 436 913 991 59 127 60 597 306 300 761 164 990 941 526 411 817 661 
829 849 752 727 73 0 781 574 364 110 437 101 474 755 997 979 702 900 133 557 242 54 642 677 954 56 458 225 193 583 587 134 340 693 356 754 802 832 632 97 147 173 783 123 51 85 735 344 766 7 693 432 279 899 181 600 970 596 605 625 190 7 766 866 985 663 723 194 85 736 250 807 848 201 204 939 198 902 196 206 476 852 228 225 354 654 406 250 257 377 27 310 
481 276 976 587 622 781 0 124 49 10 190 315 898 323 395 592 553 968 643 41 180 578 109 606 585 469 424 634 822 262 236 155 653 283 336 901 461 547 997 619 279 508 200 799 953 978 135 160 408 879 999 802 311 410 848 866 420 870 177 530 948 382 634 4 653 860 380 889 112 168 624 387 116 174 976 174 7 322 73 481 557 332 602 462 324 551 537 935 809 931 653 259 
730 199 986 816 771 574 124 0 423 458 605 149 695 252 937 457 8 213 828 861 99 374 420 135 552 866 266 334 478 171 888 196 731 672 257 196 705 687 442 516 339 536 140 415 909 323 666 438 128 974 946 959 351 263 181 593 792 494 182 407 53 678 213 589 51 497 696 113 32 855 899 7 8 821 793 43 459 635 420 780 979 403 90 842 958 397 625 191 890 894 53 296 
761 1 68 281 633 364 49 423 0 188 635 85 283 527 764 56 449 955 904 150 439 576 721 940 887 810 242 334 307 127 848 373 712 52 181 803 560 28 353 714 31 212 132 31 233 708 503 549 941 450 227 456 28 210 127 944 153 968 30 172 752 500 99 808 359 348 730 840 809 910 991 731 199 595 65 358 262 626 694 332 160 500 40 931 372 361 532 319 419 509 68 108 
495 867 930 162 707 110 10 458 188 0 175 678 86 431 183 699 841 666 625 296 206 442 648 307 5 974 100 21 46 83 759 355 359 318 437 239 578 608 725 356 608 585 70 25 930 677 727 255 337 936 331 756 621 552 168 382 575 651 716 352 336 487 123 620 976 978 601 900 204 18 497 901 205 38 797 367 646 90 475 857 784 515 263 902 633 849 892 525 469 745 719 882 
82 290 463 409 876 437 190 605 635 175 0 198 776 352 621 131 772 343 641 188 140 744 28 898 171 104 199 792 463 1 367 954 684 474 673 667 130 246 459 642 188 793 854 569 404 586 120 506 150 166 401 195 678 245 456 127 889 812 803 862 831 183 467 200 182 921 732 388 879 933 539 273 567 265 837 936 631 526 552 971 202 225 104 580 79 774 465 386 972 369 941 742 
772 757 101 896 517 101 315 149 85 678 198 0 572 774 237 307 983 614 616 444 11 387 95 895 283 270 298 757 640 433 283 739 451 750 698 523 96 117 160 766 51 471 478 189 404 580 987 614 273 456 49 884 110 357 772 793 659 14 324 253 190 977 615 364 557 974 657 963 502 837 621 146 859 88 519 654 857 382 764 632 334 869 120 603 288 781 252 628 452 801 610 811 
507 172 416 789 333 474 898 695 283 86 776 572 0 300 433 577 462 594 392 762 341 781 726 440 739 279 569 286 379 480 759 989 347 65 339 759 695 46 914 867 795 553 526 190 175 120 550 890 123 264 734 674 746 958 374 965 329 852 100 203 76 775 589 473 662 812 174 239 831 304 146 314 391 17 786 397 766 25 18 526 569 888 580 640 672 360 734 606 516 971 62 615 
900 537 799 336 726 755 323 252 527 431 352 774 300 0 315 561 360 255 768 328 81 370 432 211 199 41 64 33 483 463 799 712 747 517 471 118 844 370 843 897 852 92 843 903 907 336 456 629 637 138 787 176 899 829 38 193 204 272 743 737 175 230 848 11 295 979 231 343 489 384 299 705 103 87 23 480 135 516 561 146 831 497 164 19 507 409 810 118 666 902 225 994 
804 88 448 889 765 997 395 937 764 183 621 237 433 315 0 11 415 976 846 526 551 527 230 888 889 821 459 857 783 425 114 890 692 902 721 73 709 370 510 423 995 267 423 808 764 731 240 659 705 266 357 987 162 460 315 193 758 211 620 488 881 881 711 982 365 922 3 350 268 581 214 473 665 275 397 231 751 671 592 731 127 242 365 577 49 619 820 803 970 423 374 380 
871 870 443 794 769 979 592 457 56 699 131 307 577 561 11 0 128 943 27 887 687 112 779 548 873 166 894 485 487 210 221 102 801 447 169 185 207 376 265 185 682 256 127 818 531 332 655 401 772 172 638 249 913 642 637 728 379 628 648 729 370 589 935 611 987 353 126 500 150 513 465 132 14 960 530 291 384 607 296 40 154 785 408 980 370 406 811 412 828 579 834 817 
350 860 814 789 660 702 553 8 449 841 772 983 462 360 415 128 0 467 690 170 328 963 361 983 138 45 520 682 769 946 575 284 31 24 100 765 90 18 738 885 323 968 965 275 846 845 849 888 435 223 606 767 255 723 882 738 900 973 696 711 254 156 170 639 970 464 330 618 222 132 901 212 750 928 121 611 294 359 70 434 78 699 220 738 759 257 20 278 5 944 875 926 
231 636 570 24 757 900 968 213 955 666 343 614 594 255 976 943 467 0 221 513 107 706 603 609 547 343 80 777 168 207 324 464 507 831 199 363 439 456 127 329 40 25 761 425 734 701 871 662 756 565 474 134 16 914 67 760 334 419 768 465 411 154 963 563 60 67 33 184 753 840 544 592 460 869 191 133 926 511 376 284 992 382 626 807 848 248 85 658 306 892 556 189 
789 83 126 843 635 133 643 828 904 625 641 616 392 768 846 27 690 221 0 371 728 562 354 547 771 448 172 900 695 697 166 777 929 630 427 614 773 190 53 850 78 997 801 474 498 854 157 335 144 193 252 174 39 706 803 298 572 84 819 875 392 657 138 887 76 27 913 411 733 890 829 191 644 211 655 163 485 616 519 230 665 329 78 12 656 268 543 843 362 940 458 673 
783 941 540 347 248 557 41 861 150 296 188 444 762 328 526 887 170 513 371 0 540 401 802 362 384 135 560 493 253 66 134 802 832 479 648 161 253 33 159 669 258 519 557 622 754 663 180 336 429 74 303 654 66 237 322 55 912 878 211 684 396 845 795 766 199 249 570 722 22 426 139 685 85 354 492 571 430 247 794 541 147 739 26 834 32 398 580 601 458 169 822 764 
812 340 627 789 980 242 180 99 439 206 140 11 341 81 551 687 328 107 728 540 0 264 699 703 987 541 253 670 849 374 372 597 456 259 291 247 331 351 904 188 259 363 874 830 192 946 374 830 503 624 564 156 330 45 527 701 455 384 543 137 405 171 411 555 781 685 969 693 465 121 547 309 716 21 319 60 516 154 107 487 409 267 755 906 264 658 53 4 260 35 157 497 
257 375 727 52 136 54 578 374 576 442 744 387 781 370 527 112 963 706 562 401 264 0 93 624 981 688 337 419 471 391 231 500 429 196 78 378 296 1000 305 313 616 347 155 626 624 502 789 652 27 693 315 429 711 879 278 906 606 270 962 140 641 767 512 26 300 836 448 125 923 612 815 746 395 866 393 58 148 963 238 224 585 383 752 839 134 321 692 70 176 354 176 992 
702 412 604 782 314 642 109 420 721 648 28 95 726 432 230 779 361 603 354 802 699 93 0 793 271 7 956 572 504 318 507 384 567 741 45 567 735 896 967 592 300 456 158 496 348 768 595 918 507 217 935 942 760 849 942 38 651 682 793 827 220 642 891 783 473 142 300 719 298 318 208 978 116 241 935 184 329 729 407 942 371 50 806 720 318 40 756 247 655 881 652 977 
582 68 619 45 383 677 606 135 940 307 898 895 440 211 888 548 983 609 547 362 703 624 793 0 886 30 595 841 693 575 114 456 911 300 532 164 462 617 637 535 445 990 166 820 264 593 206 15 798 666 172 578 317 426 447 631 314 387 753 20 888 827 500 46 433 554 830 265 165 843 53 147 380 466 174 628 459 608 418 737 234 748 620 157 667 194 185 859 491 565 641 461 
933 403 153 887 108 954 585 552 887 5 171 283 739 199 889 873 138 547 771 384 987 981 271 886 0 235 137 978 492 214 900 614 42 398 413 893 16 437 555 472 352 594 334 246 873 455 744 823 813 343 537 417 558 214 395 98 103 27 983 947 28 801 416 580 109 397 676 715 817 738 724 85 47 494 190 533 897 810 780 792 532 576 725 328 732 583 865 530 816 335 24 598 
963 879 433 677 582 56 469 866 810 974 104 270 279 41 821 166 45 343 448 135 541 688 7 30 235 0 90 824 923 173 433 636 202 242 54 524 544 70 666 694 525 250 620 152 92 133 717 578 91 984 183 367 792 726 932 87 40 749 463 579 223 974 788 587 549 491 803 524 898 693 794 112 612 426 652 129 33 771 998 838 732 903 408 818 948 943 147 408 843 988 424 921 
777 765 573 110 36 458 424 266 242 100 199 298 569 64 459 894 520 80 172 560 253 337 956 595 137 90 0 530 265 267 679 240 502 336 566 482 811 778 784 45 407 770 629 361 751 472 66 671 58 183 269 708 552 61 632 715 578 844 232 47 38 863 563 451 752 927 893 255 670 284 242 638 667 755 281 980 168 221 539 447 992 710 813 616 795 407 45 803 354 9 591 720 
488 176 96 869 762 225 634 334 334 21 792 757 286 33 857 485 682 777 900 493 670 419 572 841 978 824 530 0 685 57 425 292 685 10 516 780 864 253 860 583 742 339 373 4 152 985 284 333 841 980 25 747 524 916 217 612 300 742 36 859 66 705 182 316 753 694 712 125 346 674 318 9 56 562 513 299 99 789 176 304 355 90 79 52 608 61 811 275 353 184 918 865 
285 771 18 374 610 193 822 478 307 46 463 640 379 483 783 487 769 168 695 253 849 471 504 693 492 923 265 685 0 95 52 60 261 34 606 368 915 808 464 220 199 323 617 940 213 253 123 787 655 456 603 398 309 992 862 663 333 171 518 18 804 696 741 483 504 422 877 340 896 623 246 336 957 916 588 498 830 877 942 491 664 100 530 400 932 785 762 831 621 36 472 666 
252 440 214 537 562 583 262 171 127 83 1 433 480 463 425 210 946 207 697 66 374 391 318 575 214 173 267 57 95 0 736 291 793 751 319 458 85 381 924 539 339 241 304 971 158 106 693 135 977 822 237 959 960 113 509 76 528 614 90 888 586 965 673 528 737 850 456 354 442 832 497 109 585 382 325 305 296 759 633 559 722 526 715 712 480 210 305 943 354 535 346 568 
883 741 699 675 306 587 236 888 848 759 367 283 759 799 114 221 575 324 166 134 372 231 507 114 900 433 679 425 52 736 0 379 64 200 887 350 175 251 996 43 998 114 996 968 619 393 511 81 620 404 77 327 143 947 269 66 480 558 190 355 963 116 265 315 935 457 67 325 405 152 117 769 207 273 978 578 502 736 447 407 839 916 493 683 315 241 571 840 667 95 219 64 
519 934 476 569 608 134 155 196 373 355 954 739 989 712 890 102 284 464 777 802 597 500 384 456 614 636 240 292 60 291 379 0 191 402 845 497 162 348 808 186 938 2 406 556 170 280 260 650 458 387 567 82 982 969 993 389 76 280 417 492 754 4 809 187 200 220 469 455 835 220 771 698 405 983 478 133 551 149 846 620 451 657 263 573 460 236 442 675 396 379 626 389 
578 225 207 499 184 340 653 731 712 359 684 451 347 747 692 801 31 507 929 832 456 429 567 911 42 202 502 685 261 793 64 191 0 372 624 372 465 796 751 385 627 250 153 107 819 151 4 799 909 957 630 126 148 276 164 832 916 313 40 246 21 28 786 390 115 853 661 635 720 165 432 56 110 262 675 977 75 605 762 801 5 48 946 547 794 972 900 779 645 494 591 352 
369 270 689 552 961 693 283 672 52 318 474 750 65 517 902 447 24 831 630 479 259 196 741 300 398 242 336 10 34 751 200 402 372 0 219 275 387 953 511 226 248 940 523 775 245 980 583 52 734 904 104 222 55 294 535 804 373 674 515 939 213 928 375 41 516 320 109 398 459 332 842 551 294 722 25 416 46 594 103 266 172 814 702 83 714 501 85 919 32 41 460 413 
240 306 332 933 940 356 336 257 181 437 673 698 339 471 721 169 100 199 427 648 291 78 45 532 413 54 566 516 606 319 887 845 624 219 0 312 604 799 112 963 443 180 638 595 649 504 97 21 948 468 223 701 233 855 849 746 430 74 280 507 195 684 157 400 80 518 790 267 204 686 653 113 973 376 653 210 453 864 677 721 579 160 303 660 861 595 298 455 351 18 685 361 
129 915 574 464 172 754 901 196 803 239 667 523 759 118 73 185 765 363 614 161 247 378 567 164 893 524 482 780 368 458 350 497 372 275 312 0 647 789 174 390 781 111 268 721 106 633 168 642 22 118 591 816 752 230 232 155 318 540 548 373 702 304 582 185 749 938 651 179 755 867 234 625 947 707 641 412 339 947 172 927 416 644 251 846 906 135 889 719 171 256 407 12 
895 28 212 443 183 802 461 705 560 578 130 96 695 844 709 207 90 439 773 253 331 296 735 462 16 544 811 864 915 85 175 162 465 387 604 647 0 137 142 675 394 112 657 897 296 64 318 395 852 263 796 5 685 192 715 755 694 269 471 563 402 286 492 258 500 335 183 591 543 419 91 709 493 922 228 354 595 496 651 472 648 17 281 307 67 506 491 168 289 769 486 74 
540 64 703 100 993 832 547 687 28 608 246 117 46 370 370 376 18 456 190 33 351 1000 896 617 437 70 778 253 808 381 251 348 796 953 799 789 137 0 108 581 721 687 190 745 601 833 231 532 707 346 574 855 895 264 49 964 850 295 456 389 142 417 143 755 84 730 521 155 315 205 629 851 88 901 629 735 811 537 101 201 487 491 256 121 184 145 834 389 160 300 689 620 
345 827 164 952 72 632 997 442 353 725 459 160 914 843 510 265 738 127 53 159 904 305 967 637 555 666 784 860 464 924 996 808 751 511 112 174 142 108 0 905 119 646 759 487 14 955 834 79 149 91 536 774 103 845 764 99 461 385 82 779 106 334 794 773 152 786 346 644 787 722 485 631 306 527 785 806 149 581 591 58 394 399 693 39 215 883 866 909 60 502 811 308 
967 495 184 425 654 97 619 516 714 356 642 766 867 897 423 185 885 329 850 669 188 313 592 535 472 694 45 583 220 539 43 186 385 226 963 390 675 581 905 0 776 676 788 280 880 123 172 296 792 64 23 812 713 753 194 698 198 589 500 87 506 138 591 417 210 682 912 430 703 328 434 439 691 868 644 63 208 473 696 155 159 516 673 590 791 866 22 838 59 278 906 533 
388 289 898 505 155 147 279 339 31 608 188 51 795 852 995 682 323 40 78 258 259 616 300 445 352 525 407 742 199 339 998 938 627 248 443 781 394 721 119 776 0 624 259 769 531 509 309 787 43 633 256 962 515 167 568 697 776 945 523 740 478 255 265 375 411 59 121 406 871 574 125 103 644 938 777 102 808 978 575 409 271 357 518 22 817 345 77 913 980 45 408 853 
680 658 827 827 861 173 508 536 212 585 793 471 553 92 267 256 968 25 997 519 363 347 456 990 594 250 770 339 323 241 114 2 250 940 180 111 112 687 646 676 624 0 613 408 769 541 305 585 650 609 288 321 132 89 219 577 350 196 884 992 289 516 612 324 333 706 429 31 17 6 375 256 225 143 622 741 132 459 495 380 948 975 796 618 293 657 330 646 384 870 104 401 
790 498 528 233 116 783 200 140 132 70 854 478 526 843 423 127 965 761 801 557 874 155 158 166 334 620 629 373 617 304 996 406 153 523 638 268 657 190 759 788 259 613 0 468 283 55 158 909 416 871 423 695 174 461 317 842 857 954 175 691 695 114 557 780 118 7 921 744 556 517 406 937 549 307 162 68 65 854 460 138 492 736 144 192 78 998 626 466 510 430 867 343 
265 136 807 39 615 123 799 415 31 25 569 189 190 903 808 818 275 425 474 622 830 626 496 820 246 152 361 4 940 971 968 556 107 775 595 721 897 745 487 280 769 408 468 0 57 628 858 28 517 897 989 988 613 124 942 661 457 797 975 943 553 382 853 847 73 870 647 997 701 878 622 417 387 306 914 850 574 2 944 934 191 596 449 13 840 56 163 870 495 367 469 819 
958 310 275 128 936 51 953 909 233 930 404 404 175 907 764 531 846 734 498 754 192 624 348 264 873 92 751 152 213 158 619 170 819 245 649 106 296 601 14 880 531 769 283 57 0 876 113 213 286 746 426 848 382 269 608 770 553 820 626 728 463 745 460 335 627 36 659 725 505 742 673 960 327 230 996 572 618 326 407 525 778 471 311 636 151 417 139 115 49 772 680 746 
27 46 587 225 131 85 978 323 708 677 586 580 120 336 731 332 845 701 854 663 946 502 768 593 455 133 472 985 253 106 393 280 151 980 504 633 64 833 955 123 509 541 55 628 876 0 749 919 472 488 779 33 335 920 632 34 966 164 146 179 927 347 267 761 483 928 923 93 823 449 620 409 565 581 559 651 167 524 403 220 970 977 508 769 479 617 797 268 831 852 240 722 
137 960 721 838 165 735 135 666 503 727 120 987 550 456 240 655 849 871 157 180 374 789 595 206 744 717 66 284 123 693 511 260 4 583 97 168 318 231 834 172 309 305 158 858 113 749 0 428 288 420 978 236 525 117 578 740 835 776 974 23 274 970 787 457 59 574 772 848 851 390 439 900 400 617 443 493 309 961 239 973 345 381 208 992 209 461 973 281 675 945 303 988 
864 313 619 372 492 344 160 438 549 255 506 614 890 629 659 401 888 662 335 336 830 652 918 15 823 578 671 333 787 135 81 650 799 52 21 642 395 532 79 296 787 585 909 28 213 919 428 0 73 968 31 614 636 991 841 859 805 144 673 790 716 253 629 325 596 500 340 342 727 873 925 172 429 157 116 182 263 684 476 958 207 521 883 725 909 673 510 392 406 715 555 672 
452 581 115 139 762 766 408 128 941 337 150 273 123 637 705 772 435 756 144 429 503 27 507 798 813 91 58 841 655 977 620 458 909 734 948 22 852 707 149 792 43 650 416 517 286 472 288 73 0 53 252 166 351 834 50 146 651 583 914 643 689 852 230 676 542 995 956 276 928 288 515 1000 377 801 749 135 92 386 779 855 313 710 485 927 326 216 881 277 136 744 148 263 
580 783 501 82 810 7 879 974 450 936 166 456 264 138 266 172 223 565 193 74 624 693 217 666 343 984 183 980 456 822 404 387 957 904 468 118 263 346 91 64 633 609 871 897 746 488 420 968 53 0 229 409 915 823 733 37 758 859 792 897 665 626 277 696 134 952 36 258 935 631 267 90 395 827 97 655 145 928 758 554 361 61 285 3 865 728 515 475 36 885 112 660 
613 394 676 657 610 693 999 946 227 331 401 49 734 787 357 638 606 474 252 303 564 315 935 172 537 183 269 25 603 237 77 567 630 104 223 591 796 574 536 23 256 288 423 989 426 779 978 31 252 229 0 620 701 579 514 913 68 21 883 825 111 97 775 90 794 748 909 415 100 650 416 208 865 862 607 105 44 930 621 850 354 259 260 558 940 422 90 992 215 235 376 435 
333 167 895 620 339 432 802 959 456 756 195 884 674 176 987 249 767 134 174 654 156 429 942 578 417 367 708 747 398 959 327 82 126 222 701 816 5 855 774 812 962 321 695 988 848 33 236 614 166 409 620 0 680 878 577 198 106 318 808 132 446 374 992 230 674 31 924 320 392 409 414 660 444 821 420 194 607 540 885 341 721 977 592 184 590 873 285 280 748 130 304 111 
322 837 561 251 605 279 311 351 28 621 678 110 746 899 162 913 255 16 39 66 330 711 760 317 558 792 552 524 309 960 143 982 148 55 233 752 685 895 103 713 515 132 174 613 382 335 525 636 351 915 701 680 0 701 10 294 363 480 753 388 657 745 788 721 433 788 835 734 209 242 433 835 141 693 842 712 644 242 347 777 946 444 388 193 350 401 558 897 563 590 287 652 
977 812 348 535 955 899 410 263 210 552 245 357 958 829 460 642 723 914 706 237 45 879 849 426 214 726 61 916 992 113 947 969 276 294 855 230 192 264 845 753 167 89 461 124 269 920 117 991 834 823 579 878 701 0 455 950 71 54 28 651 683 90 666 872 618 241 560 486 397 968 975 537 980 102 542 640 372 10 380 143 724 308 418 630 610 814 845 239 869 115 379 764 
780 304 266 857 716 181 848 181 127 168 456 772 374 38 315 637 882 67 803 322 527 278 942 447 395 932 632 217 862 509 269 993 164 535 849 232 715 49 764 194 568 219 317 942 608 632 578 841 50 733 514 577 10 455 0 828 771 704 561 151 333 553 492 275 458 584 105 584 908 603 466 807 823 638 945 173 417 499 654 430 306 76 563 340 608 66 470 138 590 695 296 571 
375 756 738 358 324 600 866 593 944 382 127 793 965 193 193 728 738 760 298 55 701 906 38 631 98 87 715 612 663 76 66 389 832 804 746 155 755 964 99 698 697 577 842 661 770 34 740 859 146 37 913 198 294 950 828 0 465 858 87 687 685 897 555 653 894 184 510 800 26 331 156 271 188 186 31 244 540 51 126 568 477 371 465 873 434 983 774 426 730 924 663 249 
392 37 894 3 51 970 420 792 153 575 889 659 329 204 758 379 900 334 572 912 455 606 651 314 103 40 578 300 333 528 480 76 916 373 430 318 694 850 461 198 776 350 857 457 553 966 835 805 651 758 68 106 363 71 771 465 0 155 490 582 905 63 805 810 518 731 714 361 294 12 120 648 591 527 193 769 757 781 377 332 807 562 825 447 909 756 344 998 63 454 803 684 
110 348 117 794 227 596 870 494 968 651 812 14 852 272 211 628 973 419 84 878 384 270 682 387 27 749 844 742 171 614 558 280 313 674 74 540 269 295 385 589 945 196 954 797 820 164 776 144 583 859 21 318 480 54 704 858 155 0 144 197 371 767 406 77 561 862 998 838 930 887 708 796 490 392 578 504 936 719 192 876 297 785 375 956 402 472 514 940 943 55 238 642 
899 599 325 512 509 605 177 182 30 716 803 324 100 743 620 648 696 768 819 211 543 962 793 753 983 463 232 36 518 90 190 417 40 515 280 548 471 456 82 500 523 884 175 975 626 146 974 673 914 792 883 808 753 28 561 87 490 144 0 545 750 602 736 968 998 229 221 925 723 4 473 631 595 747 543 894 990 191 301 224 184 813 543 924 41 396 585 52 434 107 580 465 
475 359 585 664 775 625 530 407 172 352 862 253 203 737 488 729 711 465 875 684 137 140 827 20 947 579 47 859 18 888 355 492 246 939 507 373 563 389 779 87 740 992 691 943 728 179 23 790 643 897 825 132 388 651 151 687 582 197 545 0 60 759 545 292 373 152 591 700 541 987 717 983 900 795 780 618 938 9 318 823 470 661 707 846 840 540 105 828 683 842 626 349 
599 84 899 90 681 190 948 53 752 336 831 190 76 175 881 370 254 411 392 396 405 641 220 888 28 223 38 66 804 586 963 754 21 213 195 702 402 142 106 506 478 289 695 553 463 927 274 716 689 665 111 446 657 683 333 685 905 371 750 60 0 731 78 604 298 712 805 543 723 70 556 257 426 126 902 808 231 829 824 434 18 662 441 19 233 33 819 235 296 941 936 210 
308 64 813 329 277 7 382 678 500 487 183 977 775 230 881 589 156 154 657 845 171 767 642 827 801 974 863 705 696 965 116 4 28 928 684 304 286 417 334 138 255 516 114 382 745 347 970 253 852 626 97 374 745 90 553 897 63 767 602 759 731 0 1000 634 932 685 639 601 127 155 942 399 801 371 520 824 492 279 747 630 374 728 387 958 356 636 155 892 452 554 150 529 
69 762 111 997 797 766 634 213 99 123 467 615 589 848 711 935 170 963 138 795 411 512 891 500 416 788 563 182 741 673 265 809 786 375 157 582 492 143 794 591 265 612 557 853 460 267 787 629 230 277 775 992 788 666 492 555 805 406 736 545 78 1000 0 831 572 723 59 154 376 558 487 680 656 129 609 102 840 510 163 794 273 318 321 770 299 775 899 854 431 220 251 89 
705 863 374 862 444 866 4 589 808 620 200 364 473 11 982 611 639 563 887 766 555 26 783 46 580 587 451 316 483 528 315 187 390 41 400 185 258 755 773 417 375 324 780 847 335 761 457 325 676 696 90 230 721 872 275 653 810 77 968 292 604 634 831 0 764 564 465 529 442 234 339 312 888 387 576 136 657 433 937 234 374 61 386 565 378 356 70 13 293 786 878 913 
345 26 230 881 635 985 653 51 359 976 182 557 662 295 365 987 970 60 76 199 781 300 473 433 109 549 752 753 504 737 935 200 115 516 80 749 500 84 152 210 411 333 118 73 627 483 59 596 542 134 794 674 433 618 458 894 518 561 998 373 298 932 572 764 0 356 99 998 585 838 783 301 446 444 896 239 537 872 202 895 546 894 440 40 421 488 591 162 484 946 961 293 
447 3 512 299 86 663 860 497 348 978 921 974 812 979 922 353 464 67 27 249 685 836 142 554 397 491 927 694 422 850 457 220 853 320 518 938 335 730 786 682 59 706 7 870 36 928 574 500 995 952 748 31 788 241 584 184 731 862 229 152 712 685 723 564 356 0 201 420 931 595 492 144 629 856 614 663 292 725 191 866 851 477 975 429 159 721 196 308 781 237 935 802 
593 853 690 322 639 723 380 696 730 601 732 657 174 231 3 126 330 33 913 570 969 448 300 830 676 803 893 712 877 456 67 469 661 109 790 651 183 521 346 912 121 429 921 647 659 923 772 340 956 36 909 924 835 560 105 510 714 998 221 591 805 639 59 465 99 201 0 708 196 453 925 936 834 445 568 548 348 379 108 512 789 57 989 410 283 491 958 83 463 42 284 276 
115 282 721 461 193 194 889 113 840 900 388 963 239 343 350 500 618 184 411 722 693 125 719 265 715 524 255 125 340 354 325 455 635 398 267 179 591 155 644 430 406 31 744 997 725 93 848 342 276 258 415 320 734 486 584 800 361 838 925 700 543 601 154 529 998 420 708 0 479 256 225 9 938 365 123 944 483 719 204 718 545 262 720 346 487 994 81 682 124 715 447 718 
588 927 703 369 684 85 112 32 809 204 879 502 831 489 268 150 222 753 733 22 465 923 298 165 817 898 670 346 896 442 405 835 720 459 204 755 543 315 787 703 871 17 556 701 505 823 851 727 928 935 100 392 209 397 908 26 294 930 723 541 723 127 376 442 585 931 196 479 0 800 120 346 716 756 594 398 454 262 643 66 689 319 230 901 695 217 381 48 292 537 623 773 
245 334 181 467 351 736 168 855 910 18 933 837 304 384 581 513 132 840 890 426 121 612 318 843 738 693 284 674 623 832 152 220 165 332 686 867 419 205 722 328 574 6 517 878 742 449 390 873 288 631 650 409 242 968 603 331 12 887 4 987 70 155 558 234 838 595 453 256 800 0 409 919 491 324 353 705 496 312 50 569 534 455 33 800 849 725 175 343 874 543 446 583 
174 935 373 531 451 250 624 899 991 497 539 621 146 299 214 465 901 544 829 139 547 815 208 53 724 794 242 318 246 497 117 771 432 842 653 234 91 629 485 434 125 375 406 622 673 620 439 925 515 267 416 414 433 975 466 156 120 708 473 717 556 942 487 339 783 492 925 225 120 409 0 800 628 585 767 358 691 191 899 224 703 130 744 287 629 211 455 519 182 992 352 250 
10 596 783 416 569 807 387 7 731 901 273 146 314 705 473 132 212 592 191 685 309 746 978 147 85 112 638 9 336 109 769 698 56 551 113 625 709 851 631 439 103 256 937 417 960 409 900 172 1000 90 208 660 835 537 807 271 648 796 631 983 257 399 680 312 301 144 936 9 346 919 800 0 712 693 370 851 262 239 569 474 311 675 100 274 863 913 809 313 271 933 382 977 
449 174 88 217 485 848 116 8 199 205 567 859 391 103 665 14 750 460 644 85 716 395 116 380 47 612 667 56 957 585 207 405 110 294 973 947 493 88 306 691 644 225 549 387 327 565 400 429 377 395 865 444 141 980 823 188 591 490 595 900 426 801 656 888 446 629 834 938 716 491 628 712 0 466 326 798 979 770 896 948 481 781 828 417 141 733 504 340 609 412 901 335 
715 529 450 394 93 201 174 821 595 38 265 88 17 87 275 960 928 869 211 354 21 866 241 466 494 426 755 562 916 382 273 983 262 722 376 707 922 901 527 868 938 143 307 306 230 581 617 157 801 827 862 821 693 102 638 186 527 392 747 795 126 371 129 387 444 856 445 365 756 324 585 693 466 0 928 777 107 396 358 362 194 865 887 479 59 209 432 336 43 421 218 592 
891 350 695 824 967 204 976 793 65 797 837 519 786 23 397 530 121 191 655 492 319 393 935 174 190 652 281 513 588 325 978 478 675 25 653 641 228 629 785 644 777 622 162 914 996 559 443 116 749 97 607 420 842 542 945 31 193 578 543 780 902 520 609 576 896 614 568 123 594 353 767 370 326 928 0 52 187 593 513 407 502 622 900 287 702 969 323 182 118 299 203 795 
283 321 838 78 436 939 174 43 358 367 936 654 397 480 231 291 611 133 163 571 60 58 184 628 533 129 980 299 498 305 578 133 977 416 210 412 354 735 806 63 102 741 68 850 572 651 493 182 135 655 105 194 712 640 173 244 769 504 894 618 808 824 102 136 239 663 548 944 398 705 358 851 798 777 52 0 596 95 302 824 611 251 138 52 291 149 994 454 10 183 581 81 
369 779 544 903 913 198 7 459 262 646 631 857 766 135 751 384 294 926 485 430 516 148 329 459 897 33 168 99 830 296 502 551 75 46 453 339 595 811 149 208 808 132 65 574 618 167 309 263 92 145 44 607 644 372 417 540 757 936 990 938 231 492 840 657 537 292 348 483 454 496 691 262 979 107 187 596 0 272 113 581 163 842 746 599 537 177 228 603 873 624 810 665 
273 847 859 716 991 902 322 635 626 90 526 382 25 516 671 607 359 511 616 247 154 963 729 608 810 771 221 789 877 759 736 149 605 594 864 947 496 537 581 473 978 459 854 2 326 524 961 684 386 928 930 540 242 10 499 51 781 719 191 9 829 279 510 433 872 725 379 719 262 312 191 239 770 396 593 95 272 0 751 731 198 354 460 630 263 781 295 815 144 595 857 782 
905 778 657 832 59 196 73 420 694 475 552 764 18 561 592 296 70 376 519 794 107 238 407 418 780 998 539 176 942 633 447 846 762 103 677 172 651 101 591 696 575 495 460 944 407 403 239 476 779 758 621 885 347 380 654 126 377 192 301 318 824 747 163 937 202 191 108 204 643 50 899 569 896 358 513 302 113 751 0 133 817 123 372 776 551 174 504 845 415 250 487 752 
129 891 860 750 127 206 481 780 332 857 971 632 526 146 731 40 434 284 230 541 487 224 942 737 792 838 447 304 491 559 407 620 801 266 721 927 472 201 58 155 409 380 138 934 525 220 973 958 855 554 850 341 777 143 430 568 332 876 224 823 434 630 794 234 895 866 512 718 66 569 224 474 948 362 407 824 581 731 133 0 827 903 583 525 862 392 109 232 361 719 957 279 
436 284 334 128 60 476 557 979 160 784 202 334 569 831 127 154 78 992 665 147 409 585 371 234 532 732 992 355 664 722 839 451 5 172 579 416 648 487 394 159 271 948 492 191 778 970 345 207 313 361 354 721 946 724 306 477 807 297 184 470 18 374 273 374 546 851 789 545 689 534 703 311 481 194 502 611 163 198 817 827 0 415 96 633 479 861 162 289 531 831 968 794 
558 522 547 503 597 852 332 403 500 515 225 869 888 497 242 785 699 382 329 739 267 383 50 748 576 903 710 90 100 526 916 657 48 814 160 644 17 491 399 516 357 975 736 596 471 977 381 521 710 61 259 977 444 308 76 371 562 785 813 661 662 728 318 61 894 477 57 262 319 455 130 675 781 865 622 251 842 354 123 903 415 0 632 686 491 595 945 189 629 484 214 538 
381 879 858 41 306 228 602 90 40 263 104 120 580 164 365 408 220 626 78 26 755 752 806 620 725 408 813 79 530 715 493 263 946 702 303 251 281 256 693 673 518 796 144 449 311 508 208 883 485 285 260 592 388 418 563 465 825 375 543 707 441 387 321 386 440 975 989 720 230 33 744 100 828 887 900 138 746 460 372 583 96 632 0 708 803 264 745 511 108 849 612 390 
174 484 49 736 300 225 462 842 931 902 580 603 640 19 577 980 738 807 12 834 906 839 720 157 328 818 616 52 400 712 683 573 547 83 660 846 307 121 39 590 22 618 192 13 636 769 992 725 927 3 558 184 193 630 340 873 447 956 924 846 19 958 770 565 40 429 410 346 901 800 287 274 417 479 287 52 599 630 776 525 633 686 708 0 828 261 71 537 445 773 254 797 
177 315 47 401 761 354 324 958 372 633 79 288 672 507 49 370 759 848 656 32 264 134 318 667 732 948 795 608 932 480 315 460 794 714 861 906 67 184 215 791 817 293 78 840 151 479 209 909 326 865 940 590 350 610 608 434 909 402 41 840 233 356 299 378 421 159 283 487 695 849 629 863 141 59 702 291 537 263 551 862 479 491 803 828 0 408 141 427 850 951 592 301 
452 411 261 360 164 654 551 397 361 849 774 781 360 409 619 406 257 248 268 398 658 321 40 194 583 943 407 61 785 210 241 236 972 501 595 135 506 145 883 866 345 657 998 56 417 617 461 673 216 728 422 873 401 814 66 983 756 472 396 540 33 636 775 356 488 721 491 994 217 725 211 913 733 209 969 149 177 781 174 392 861 595 264 261 408 0 214 1 697 895 260 312 
681 243 515 504 990 406 537 625 532 892 465 252 734 810 820 811 20 85 543 580 53 692 756 185 865 147 45 811 762 305 571 442 900 85 298 889 491 834 866 22 77 330 626 163 139 797 973 510 881 515 90 285 558 845 470 774 344 514 585 105 819 155 899 70 591 196 958 81 381 175 455 809 504 432 323 994 228 295 504 109 162 945 745 71 141 214 0 963 174 696 268 397 
845 484 80 429 941 250 935 191 319 525 386 628 606 118 803 412 278 658 843 601 4 70 247 859 530 408 803 275 831 943 840 675 779 919 455 719 168 389 909 838 913 646 466 870 115 268 281 392 277 475 992 280 897 239 138 426 998 940 52 828 235 892 854 13 162 308 83 682 48 343 519 313 340 336 182 454 603 815 845 232 289 189 511 537 427 1 963 0 912 404 746 984 
776 940 14 604 526 257 809 890 419 469 972 452 516 666 970 828 5 306 362 458 260 176 655 491 816 843 354 353 621 354 667 396 645 32 351 171 289 160 60 59 980 384 510 495 49 831 675 406 136 36 215 748 563 869 590 730 63 943 434 683 296 452 431 293 484 781 463 124 292 874 182 271 609 43 118 10 873 144 415 361 531 629 108 445 850 697 174 912 0 949 497 954 
992 960 947 639 411 377 931 894 509 745 369 801 971 902 423 579 944 892 940 169 35 354 881 565 335 988 9 184 36 535 95 379 494 41 18 256 769 300 502 278 45 870 430 367 772 852 945 715 744 885 235 130 590 115 695 924 454 55 107 842 941 554 220 786 946 237 42 715 537 543 992 933 412 421 299 183 624 595 250 719 831 484 849 773 951 895 696 404 949 0 200 861 
155 245 242 708 817 27 653 53 68 719 941 610 62 225 374 834 875 556 458 822 157 176 652 641 24 424 591 918 472 346 219 626 591 460 685 407 486 689 811 906 408 104 867 469 680 240 303 555 148 112 376 304 287 379 296 663 803 238 580 626 936 150 251 878 961 935 284 447 623 446 352 382 901 218 203 581 810 857 487 957 968 214 612 254 592 260 268 746 497 200 0 685 
371 784 349 973 661 310 259 296 108 882 742 811 615 994 380 817 926 189 673 764 497 992 977 461 598 921 720 865 666 568 64 389 352 413 361 12 74 620 308 533 853 401 343 819 746 722 988 672 263 660 435 111 652 764 571 249 684 642 465 349 210 529 89 913 293 802 276 718 773 583 250 977 335 592 795 81 665 782 752 279 794 538 390 797 301 312 397 984 954 861 685 0 
1
47 17
