95
0 60 875 890 677 555 790 545 996 213 765 927 739 832 314 91 934 97 176 932 881 248 682 249 196 753 502 274 762 195 460 658 453 658 764 518 211 74 193 800 567 369 100 622 681 623 611 559 768 654 613 400 532 714 282 230 184 330 610 112 150 918 287 262 435 631 986 79 589 571 46 883 767 323 285 259 21 97 790 328 646 709 317 15 995 987 286 460 928 947 951 816 39 865 220 
60 0 591 56 451 9 321 8 489 973 73 827 807 812 994 393 524 281 814 80 985 295 588 129 313 418 847 995 196 383 11 334 572 225 708 931 238 324 785 363 922 73 312 759 276 566 200 59 890 7 987 837 426 601 932 44 584 23 237 424 63 690 958 922 853 105 477 168 110 490 736 660 307 279 565 501 738 413 309 847 327 167 642 32 898 478 484 827 697 604 865 120 413 637 525 
875 591 0 127 282 382 74 193 145 222 857 413 200 879 826 876 488 838 527 861 400 127 102 662 493 756 715 853 150 54 993 984 942 171 55 796 949 808 532 572 694 886 457 962 102 671 83 770 370 757 653 920 650 488 805 383 174 309 621 620 401 516 545 457 834 361 778 171 356 728 236 282 857 409 77 828 770 129 264 514 754 105 618 595 649 247 343 742 57 995 620 291 663 473 850 
890 56 127 0 579 410 646 961 407 494 190 364 960 35 282 900 279 996 944 101 83 400 367 275 596 399 803 832 501 956 194 650 103 108 689 591 754 407 30 187 658 223 602 537 70 489 737 89 258 50 270 448 771 949 345 118 155 417 354 162 602 758 517 971 638 155 449 457 912 996 741 181 106 773 758 931 897 554 26 897 61 559 382 735 48 520 44 926 723 852 925 927 686 630 603 
677 451 282 579 0 911 644 616 364 903 70 822 652 782 587 576 349 208 30 126 37 956 909 883 227 706 223 247 469 930 64 528 99 917 267 732 894 81 766 743 209 794 959 125 842 939 192 587 574 604 884 669 435 703 342 763 598 421 976 799 360 501 757 483 583 859 659 315 510 326 880 666 195 75 920 553 983 594 2 964 944 612 84 24 489 649 843 275 850 676 689 588 811 845 140 
555 9 382 410 911 0 429 899 735 776 852 254 102 845 701 687 769 876 928 663 339 980 438 278 752 929 160 706 496 203 948 400 693 926 385 310 590 96 840 945 350 796 104 590 646 102 795 924 983 834 23 658 965 934 545 546 476 908 86 610 877 833 422 851 720 643 855 982 455 8 737 556 861 288 278 5 781 40 516 375 461 113 543 30 664 964 485 299 381 910 182 984 462 972 854 
790 321 74 646 644 429 0 86 296 503 619 508 87 894 20 130 865 478 84 477 526 12 529 351 661 639 555 678 353 456 124 950 404 208 74 534 103 202 704 649 78 511 614 120 950 695 586 340 406 650 749 441 376 346 118 223 244 687 120 831 214 310 580 907 157 189 129 907 734 797 542 401 986 402 732 648 189 954 690 422 646 437 591 952 163 958 118 842 467 208 561 914 699 158 222 
545 8 193 961 616 899 86 0 771 284 614 229 506 296 745 610 402 170 991 639 51 495 244 362 150 901 640 314 652 399 618 651 101 330 802 544 639 885 906 731 638 353 95 656 313 552 309 87 235 118 383 425 697 920 233 116 194 754 24 528 103 188 570 965 747 782 806 588 843 709 838 594 442 138 39 929 805 47 614 285 59 56 86 21 619 906 795 644 804 392 166 932 997 770 552 
996 489 145 407 364 735 296 771 0 537 860 969 385 123 901 820 789 47 581 265 726 425 602 847 352 241 915 508 95 50 756 369 62 385 515 657 982 242 847 223 280 146 550 411 547 796 172 415 566 238 847 824 56 79 988 341 469 680 319 927 314 716 487 435 862 647 492 489 376 175 147 125 474 605 540 533 621 433 872 406 140 35 151 712 158 230 902 747 26 360 963 120 515 37 724 
213 973 222 494 903 776 503 284 537 0 163 594 975 72 980 326 962 803 203 131 602 654 681 33 142 131 306 252 410 161 874 57 460 535 592 290 758 838 226 954 863 908 128 656 632 777 453 510 721 825 667 781 546 481 604 259 716 463 10 586 657 964 358 904 818 219 585 648 772 503 866 130 907 671 986 647 20 159 189 462 160 502 474 734 771 943 335 549 735 568 472 691 305 19 391 
765 73 857 190 70 852 619 614 860 163 0 876 622 709 397 856 302 25 52 327 254 313 843 301 811 849 697 473 329 50 668 876 976 131 813 350 937 630 36 880 145 690 40 367 146 584 206 354 78 787 576 172 643 20 76 977 908 37 978 375 726 540 345 143 723 967 73 89 843 691 825 974 814 348 370 929 858 100 951 987 364 349 759 908 304 795 290 329 481 780 857 670 92 717 532 
927 827 413 364 822 254 508 229 969 594 876 0 810 486 354 115 120 162 940 800 109 305 248 300 627 468 843 414 408 144 268 36 449 167 995 393 796 309 29 740 599 830 904 496 758 342 878 21 701 698 840 584 899 649 269 833 576 631 238 268 678 256 795 461 645 210 774 149 416 804 718 394 128 641 269 287 421 364 317 336 855 828 509 661 811 343 464 282 586 755 4 957 864 55 515 
739 807 200 960 652 102 87 506 385 975 622 810 0 246 418 448 710 251 92 661 885 639 160 751 24 234 944 243 917 570 275 324 783 660 756 393 453 322 373 936 503 284 709 30 778 503 940 535 790 169 590 86 904 265 391 989 85 482 654 10 37 343 95 995 615 776 697 934 24 665 744 468 726 501 317 311 893 625 613 822 583 734 387 425 819 227 993 884 72 735 664 375 230 725 890 
832 812 879 35 782 845 894 296 123 72 709 486 246 0 254 279 7 655 15 502 685 64 242 561 440 861 950 739 580 731 811 150 125 129 454 303 795 141 110 657 721 151 365 834 148 340 514 376 618 715 774 258 860 890 621 31 196 513 964 936 723 922 463 784 560 768 939 822 900 754 472 899 536 693 356 956 515 588 88 110 832 192 973 709 277 508 939 448 580 571 681 658 403 618 698 
314 994 826 282 587 701 20 745 901 980 397 354 418 254 0 175 889 336 36 613 969 739 555 89 329 969 436 719 880 551 837 199 999 813 737 299 636 656 637 421 911 647 564 640 541 503 708 595 94 629 542 997 541 5 484 793 798 698 971 938 660 832 672 862 528 293 229 216 240 463 571 838 375 715 421 819 343 921 831 396 933 466 723 555 702 316 777 697 510 887 435 554 884 483 709 
91 393 876 900 576 687 130 610 820 326 856 115 448 279 175 0 963 184 724 188 337 675 139 631 737 586 426 939 683 839 5 160 294 642 752 463 746 523 279 429 288 648 367 38 130 232 453 106 418 755 270 11 579 14 523 302 147 569 686 24 427 796 311 396 913 305 801 667 907 262 922 893 619 99 286 357 383 744 657 995 114 534 944 461 336 971 52 748 25 189 596 983 131 862 580 
934 524 488 279 349 769 865 402 789 962 302 120 710 7 889 963 0 179 204 445 163 754 254 804 638 2 150 581 174 662 714 507 631 743 954 344 68 130 954 579 208 661 629 215 867 537 11 713 215 364 22 227 87 488 437 424 94 248 931 151 7 963 727 503 169 599 547 769 896 525 297 360 476 473 607 240 536 755 473 314 679 943 340 263 842 310 324 687 77 996 21 930 132 605 654 
97 281 838 996 208 876 478 170 47 803 25 162 251 655 336 184 179 0 384 643 984 617 401 42 361 131 255 14 618 782 27 264 262 996 554 859 133 182 150 785 351 137 231 545 22 774 511 368 608 465 848 783 271 409 481 709 996 44 833 923 932 186 511 773 973 527 233 864 111 677 510 257 916 149 458 845 790 475 180 202 976 596 959 39 146 956 487 634 433 825 474 641 556 452 108 
176 814 527 944 30 928 84 991 581 203 52 940 92 15 36 724 204 384 0 467 813 77 915 311 389 212 660 240 753 873 19 539 832 149 71 841 159 796 166 508 398 95 179 881 432 640 531 111 487 913 782 37 30 818 487 691 392 93 230 7 191 255 416 916 382 993 704 354 456 809 100 337 438 414 398 838 749 900 447 5 716 714 229 223 35 297 603 308 125 213 506 108 937 633 742 
932 80 861 101 126 663 477 639 265 131 327 800 661 502 613 188 445 643 467 0 801 480 259 647 937 377 10 16 113 836 847 525 507 818 690 293 995 75 982 320 338 162 821 120 855 361 529 138 751 348 623 930 136 984 272 86 981 178 596 403 442 935 246 819 800 391 447 432 433 554 348 125 641 414 326 65 125 723 661 601 928 950 563 776 380 858 786 686 773 622 416 152 623 614 15 
881 985 400 83 37 339 526 51 726 602 254 109 885 685 969 337 163 984 813 801 0 218 66 289 463 570 223 440 550 751 899 462 76 968 209 922 201 609 426 641 333 594 185 902 613 498 155 685 397 58 272 416 486 456 126 16 577 835 968 838 125 82 636 671 455 197 862 279 30 13 258 43 147 633 1000 225 591 572 956 620 51 276 549 532 404 425 821 31 345 243 822 748 988 586 299 
248 295 127 400 956 980 12 495 425 654 313 305 639 64 739 675 754 617 77 480 218 0 571 822 950 540 245 389 119 625 854 789 973 736 378 498 638 554 329 225 24 355 712 683 343 118 899 262 246 658 236 728 4 224 716 51 430 114 21 823 962 804 602 685 610 447 934 292 84 284 547 251 367 212 931 830 273 428 24 895 673 118 95 877 927 672 209 636 824 884 866 961 152 378 808 
682 588 102 367 909 438 529 244 602 681 843 248 160 242 555 139 254 401 915 259 66 571 0 888 377 113 12 270 704 300 950 730 236 303 598 414 527 493 142 312 462 582 734 834 731 378 149 149 726 898 696 560 769 383 348 583 521 553 303 236 278 31 920 407 437 293 604 49 5 949 176 999 561 764 272 187 131 271 604 935 40 372 45 404 19 426 993 200 353 177 784 445 624 148 631 
249 129 662 275 883 278 351 362 847 33 301 300 751 561 89 631 804 42 311 647 289 822 888 0 93 559 353 99 918 653 876 411 486 956 64 928 274 162 922 434 818 325 375 860 681 868 140 310 600 371 481 240 785 715 127 197 934 325 195 349 156 940 791 359 119 625 365 667 205 475 87 241 784 725 875 231 454 752 206 523 973 870 672 828 886 776 749 860 937 616 747 991 844 211 490 
196 313 493 596 227 752 661 150 352 142 811 627 24 440 329 737 638 361 389 937 463 950 377 93 0 253 456 399 558 743 505 664 988 557 658 717 946 888 13 487 365 661 116 795 547 546 171 584 515 128 387 9 236 171 957 200 177 527 341 959 908 334 376 182 462 975 416 838 951 382 184 371 39 952 665 609 601 484 819 851 677 896 275 691 270 431 475 922 781 621 271 54 219 292 367 
753 418 756 399 706 929 639 901 241 131 849 468 234 861 969 586 2 131 212 377 570 540 113 559 253 0 388 844 445 3 602 234 821 504 122 128 75 677 727 89 158 307 144 650 727 355 915 964 405 147 642 315 102 712 264 560 103 909 197 90 702 635 279 626 406 258 899 48 259 1 624 219 768 775 29 43 538 373 517 268 1000 792 274 222 219 209 900 831 855 60 656 592 125 778 279 
502 847 715 803 223 160 555 640 915 306 697 843 944 950 436 426 150 255 660 10 223 245 12 353 456 388 0 695 539 922 970 364 850 280 6 533 407 277 390 759 138 265 9 431 756 136 606 492 824 473 757 606 95 59 537 216 23 392 536 162 535 705 581 980 723 876 955 728 770 227 20 943 788 287 131 605 262 738 381 225 563 208 146 167 504 155 622 610 886 472 425 116 825 99 485 
274 995 853 832 247 706 678 314 508 252 473 414 243 739 719 939 581 14 240 16 440 389 270 99 399 844 695 0 8 652 859 986 973 173 220 722 418 164 504 779 448 668 381 353 162 957 26 135 317 919 166 911 45 389 720 971 938 370 566 641 163 565 559 589 360 901 974 387 576 163 304 927 9 618 32 418 732 926 548 487 836 331 302 710 48 312 963 636 926 480 688 658 731 846 318 
762 196 150 501 469 496 353 652 95 410 329 408 917 580 880 683 174 618 753 113 550 119 704 918 558 445 539 8 0 799 523 444 265 591 714 956 554 161 718 983 502 813 554 368 377 830 23 70 460 194 341 92 218 422 163 663 87 136 415 637 216 774 203 46 823 787 962 257 366 269 16 873 366 183 905 266 274 801 320 37 202 675 248 540 554 584 285 139 830 505 651 248 592 881 841 
195 383 54 956 930 203 456 399 50 161 50 144 570 731 551 839 662 782 873 836 751 625 300 653 743 3 922 652 799 0 974 886 87 211 606 197 335 145 641 627 458 841 491 482 198 161 223 540 345 993 748 171 793 891 754 951 47 392 403 171 427 337 496 97 47 735 383 239 478 778 119 691 457 144 791 365 949 70 70 910 519 672 565 128 735 316 57 624 404 887 621 605 292 547 478 
460 11 993 194 64 948 124 618 756 874 668 268 275 811 837 5 714 27 19 847 899 854 950 876 505 602 970 859 523 974 0 959 931 241 6 133 833 333 794 125 261 602 906 950 272 497 572 394 929 572 761 947 784 443 354 90 248 388 698 506 59 364 77 73 917 77 321 331 624 377 759 110 50 116 83 527 680 268 131 515 816 752 242 494 199 593 98 876 885 668 587 812 287 331 641 
658 334 984 650 528 400 950 651 369 57 876 36 324 150 199 160 507 264 539 525 462 789 730 411 664 234 364 986 444 886 959 0 717 600 477 473 764 234 911 134 68 182 5 989 57 452 986 629 580 847 305 844 749 487 796 245 271 466 24 100 717 43 841 307 257 769 299 687 954 840 413 756 484 857 189 876 647 897 461 364 847 383 564 555 900 923 570 599 110 803 601 63 631 745 60 
453 572 942 103 99 693 404 101 62 460 976 449 783 125 999 294 631 262 832 507 76 973 236 486 988 821 850 973 265 87 931 717 0 787 665 127 924 468 777 989 380 914 803 240 473 79 774 598 234 351 734 7 571 492 37 994 982 767 991 946 841 26 453 370 251 839 211 406 939 268 206 702 763 422 355 865 38 483 730 757 198 190 558 159 632 793 540 450 452 842 837 724 704 535 354 
658 225 171 108 917 926 208 330 385 535 131 167 660 129 813 642 743 996 149 818 968 736 303 956 557 504 280 173 591 211 241 600 787 0 60 929 133 492 325 697 954 839 362 912 373 167 654 163 650 680 413 218 433 930 510 473 773 48 318 125 811 879 973 529 102 789 451 501 332 456 346 392 258 876 511 354 449 396 746 28 569 856 211 89 847 840 792 617 293 662 206 102 302 155 490 
764 708 55 689 267 385 74 802 515 592 813 995 756 454 737 752 954 554 71 690 209 378 598 64 658 122 6 220 714 606 6 477 665 60 0 415 869 640 292 321 726 404 959 525 479 292 74 69 837 249 574 291 871 436 492 714 425 882 377 261 318 800 358 277 246 923 747 143 217 835 153 288 590 981 299 806 543 803 487 613 908 941 297 289 947 794 965 876 832 655 877 341 668 375 14 
518 931 796 591 732 310 534 544 657 290 350 393 393 303 299 463 344 859 841 293 922 498 414 928 717 128 533 722 956 197 133 473 127 929 415 0 170 900 543 732 588 59 113 717 666 17 965 537 159 955 970 675 357 546 378 756 931 539 966 744 200 526 562 852 185 49 869 73 448 593 86 720 957 849 626 769 373 76 83 72 141 801 994 534 472 793 735 76 653 869 525 663 514 380 494 
211 238 949 754 894 590 103 639 982 758 937 796 453 795 636 746 68 133 159 995 201 638 527 274 946 75 407 418 554 335 833 764 924 133 869 170 0 939 517 993 656 634 817 853 370 620 800 438 633 513 435 875 749 216 55 18 600 955 755 86 688 63 395 379 173 431 305 483 786 463 83 947 470 164 788 710 582 435 262 755 381 320 106 118 510 155 277 267 673 923 739 437 115 479 695 
74 324 808 407 81 96 202 885 242 838 630 309 322 141 656 523 130 182 796 75 609 554 493 162 888 677 277 164 161 145 333 234 468 492 640 900 939 0 995 969 155 914 572 996 428 986 11 408 242 250 674 731 599 133 609 937 20 920 848 444 532 461 937 535 754 111 876 402 303 631 46 40 927 382 30 805 84 756 528 34 905 729 888 241 109 752 434 717 298 862 438 255 366 884 236 
193 785 532 30 766 840 704 906 847 226 36 29 373 110 637 279 954 150 166 982 426 329 142 922 13 727 390 504 718 641 794 911 777 325 292 543 517 995 0 814 577 411 207 724 978 920 626 975 393 424 352 452 53 465 962 223 477 645 341 271 655 65 131 168 931 830 27 660 291 654 275 313 750 986 665 50 177 475 697 356 199 856 79 555 91 698 881 719 456 260 43 946 862 149 397 
800 363 572 187 743 945 649 731 223 954 880 740 936 657 421 429 579 785 508 320 641 225 312 434 487 89 759 779 983 627 125 134 989 697 321 732 993 969 814 0 935 131 366 263 269 415 323 204 550 103 282 698 805 646 42 710 68 986 73 364 1 779 233 813 34 77 148 323 161 989 229 423 943 768 679 594 554 219 485 160 520 354 256 182 667 736 530 14 51 282 54 557 982 515 419 
567 922 694 658 209 350 78 638 280 863 145 599 503 721 911 288 208 351 398 338 333 24 462 818 365 158 138 448 502 458 261 68 380 954 726 588 656 155 577 935 0 174 699 651 412 115 816 269 962 74 692 863 144 613 565 547 88 382 210 29 540 424 646 790 572 329 460 49 426 134 912 521 833 53 368 804 103 267 68 495 64 582 361 974 231 46 769 265 385 782 909 945 22 903 978 
369 73 886 223 794 796 511 353 146 908 690 830 284 151 647 648 661 137 95 162 594 355 582 325 661 307 265 668 813 841 602 182 914 839 404 59 634 914 411 131 174 0 598 442 124 856 831 328 471 210 279 623 48 836 389 199 384 681 319 998 380 957 827 662 5 148 451 748 485 344 99 638 563 333 386 978 34 926 999 695 914 556 189 814 394 845 171 399 288 39 251 967 305 217 928 
100 312 457 602 959 104 614 95 550 128 40 904 709 365 564 367 629 231 179 821 185 712 734 375 116 144 9 381 554 491 906 5 803 362 959 113 817 572 207 366 699 598 0 111 26 109 200 224 250 152 473 634 55 646 662 894 995 616 662 983 30 386 27 625 679 286 921 823 929 145 298 816 423 408 948 880 327 583 801 848 374 182 116 842 830 78 993 295 636 389 57 865 845 569 285 
622 759 962 537 125 590 120 656 411 656 367 496 30 834 640 38 215 545 881 120 902 683 834 860 795 650 431 353 368 482 950 989 240 912 525 717 853 996 724 263 651 442 111 0 189 617 755 803 103 594 282 300 400 877 307 887 524 863 215 390 577 118 740 784 186 456 508 334 449 150 655 988 910 905 36 466 347 243 680 669 998 315 100 750 49 624 113 148 456 516 924 319 604 627 220 
681 276 102 70 842 646 950 313 547 632 146 758 778 148 541 130 867 22 432 855 613 343 731 681 547 727 756 162 377 198 272 57 473 373 479 666 370 428 978 269 412 124 26 189 0 195 697 56 440 924 404 232 259 725 361 230 931 193 634 933 102 878 641 445 564 916 389 921 384 449 922 537 450 25 742 285 900 514 86 156 745 100 513 522 22 352 109 199 219 609 932 625 59 835 977 
623 566 671 489 939 102 695 552 796 777 584 342 503 340 503 232 537 774 640 361 498 118 378 868 546 355 136 957 830 161 497 452 79 167 292 17 620 986 920 415 115 856 109 617 195 0 259 170 695 780 366 982 596 2 146 39 792 665 632 920 690 217 50 486 558 930 502 38 168 607 869 653 797 474 720 50 669 855 631 243 659 999 190 748 531 394 121 343 497 627 843 419 80 403 993 
611 200 83 737 192 795 586 309 172 453 206 878 940 514 708 453 11 511 531 529 155 899 149 140 171 915 606 26 23 223 572 986 774 654 74 965 800 11 626 323 816 831 200 755 697 259 0 260 521 700 551 311 330 242 182 189 670 784 901 413 3 913 402 531 450 113 660 1000 707 411 929 881 528 355 321 822 81 986 688 15 111 848 43 210 385 946 164 247 480 57 519 301 734 840 799 
559 59 770 89 587 924 340 87 415 510 354 21 535 376 595 106 713 368 111 138 685 262 149 310 584 964 492 135 70 540 394 629 598 163 69 537 438 408 975 204 269 328 224 803 56 170 260 0 654 640 778 458 345 565 797 5 24 792 564 435 108 840 720 299 84 866 287 41 631 973 570 248 278 850 700 877 435 620 558 822 775 42 853 136 863 661 432 885 295 957 952 906 190 791 630 
768 890 370 258 574 983 406 235 566 721 78 701 790 618 94 418 215 608 487 751 397 246 726 600 515 405 824 317 460 345 929 580 234 650 837 159 633 242 393 550 962 471 250 103 440 695 521 654 0 244 214 116 218 410 978 747 139 708 817 842 973 754 912 610 530 456 734 901 278 635 378 261 712 623 177 894 458 329 810 444 634 947 149 787 676 349 607 328 281 451 316 411 635 855 101 
654 7 757 50 604 834 650 118 238 825 787 698 169 715 629 755 364 465 913 348 58 658 898 371 128 147 473 919 194 993 572 847 351 680 249 955 513 250 424 103 74 210 152 594 924 780 700 640 244 0 684 347 359 411 668 231 62 876 482 772 545 168 169 446 832 105 716 706 162 219 28 569 318 768 718 12 830 885 487 371 826 561 624 784 771 243 118 554 956 621 24 761 23 824 540 
613 987 653 270 884 23 749 383 847 667 576 840 590 774 542 270 22 848 782 623 272 236 696 481 387 642 757 166 341 748 761 305 734 413 574 970 435 674 352 282 692 279 473 282 404 366 551 778 214 684 0 739 481 900 420 90 356 969 159 837 549 774 317 470 883 257 733 472 63 879 917 372 918 263 377 941 912 342 218 774 54 343 767 263 594 870 569 571 419 578 719 57 165 405 996 
400 837 920 448 669 658 441 425 824 781 172 584 86 258 997 11 227 783 37 930 416 728 560 240 9 315 606 911 92 171 947 844 7 218 291 675 875 731 452 698 863 623 634 300 232 982 311 458 116 347 739 0 703 218 104 762 68 542 784 32 97 835 547 280 337 653 947 531 307 648 987 655 210 255 529 471 49 253 117 64 684 222 697 670 431 126 428 358 626 45 137 158 622 792 751 
532 426 650 771 435 965 376 697 56 546 643 899 904 860 541 579 87 271 30 136 486 4 769 785 236 102 95 45 218 793 784 749 571 433 871 357 749 599 53 805 144 48 55 400 259 596 330 345 218 359 481 703 0 635 735 633 843 341 855 946 859 323 770 131 441 904 649 997 246 854 926 820 684 332 1000 841 454 664 862 265 851 679 718 12 49 914 326 541 132 504 241 73 174 554 348 
714 601 488 949 703 934 346 920 79 481 20 649 265 890 5 14 488 409 818 984 456 224 383 715 171 712 59 389 422 891 443 487 492 930 436 546 216 133 465 646 613 836 646 877 725 2 242 565 410 411 900 218 635 0 120 24 876 873 814 73 179 156 237 876 671 901 336 520 420 827 445 371 479 378 648 479 42 613 173 708 94 66 811 18 612 648 913 122 771 754 503 854 140 904 978 
282 932 805 345 342 545 118 233 988 604 76 269 391 621 484 523 437 481 487 272 126 716 348 127 957 264 537 720 163 754 354 796 37 510 492 378 55 609 962 42 565 389 662 307 361 146 182 797 978 668 420 104 735 120 0 958 1 219 331 380 253 775 689 638 455 277 312 550 863 474 74 895 994 979 403 53 854 356 322 586 9 91 721 498 317 253 528 570 914 660 883 148 817 2 592 
230 44 383 118 763 546 223 116 341 259 977 833 989 31 793 302 424 709 691 86 16 51 583 197 200 560 216 971 663 951 90 245 994 473 714 756 18 937 223 710 547 199 894 887 230 39 189 5 747 231 90 762 633 24 958 0 19 868 547 904 766 8 498 664 902 878 64 186 548 587 110 542 75 635 664 801 54 148 32 116 879 574 993 702 318 697 152 463 912 124 512 126 744 845 66 
184 584 174 155 598 476 244 194 469 716 908 576 85 196 798 147 94 996 392 981 577 430 521 934 177 103 23 938 87 47 248 271 982 773 425 931 600 20 477 68 88 384 995 524 931 792 670 24 139 62 356 68 843 876 1 19 0 133 10 514 232 791 867 501 77 158 586 919 30 179 420 941 598 152 28 874 932 985 689 327 93 858 436 240 182 208 165 305 977 814 510 445 264 681 609 
330 23 309 417 421 908 687 754 680 463 37 631 482 513 698 569 248 44 93 178 835 114 553 325 527 909 392 370 136 392 388 466 767 48 882 539 955 920 645 986 382 681 616 863 193 665 784 792 708 876 969 542 341 873 219 868 133 0 866 541 139 831 270 618 529 504 266 277 985 52 445 190 781 618 533 658 467 94 703 162 571 650 866 16 172 407 149 179 151 483 660 616 641 452 77 
610 237 621 354 976 86 120 24 319 10 978 238 654 964 971 686 931 833 230 596 968 21 303 195 341 197 536 566 415 403 698 24 991 318 377 966 755 848 341 73 210 319 662 215 634 632 901 564 817 482 159 784 855 814 331 547 10 866 0 544 280 924 56 253 614 131 389 573 475 749 765 820 83 252 695 570 137 425 579 954 714 256 646 763 717 360 467 98 837 956 199 135 475 690 735 
112 424 620 162 799 610 831 528 927 586 375 268 10 936 938 24 151 923 7 403 838 823 236 349 959 90 162 641 637 171 506 100 946 125 261 744 86 444 271 364 29 998 983 390 933 920 413 435 842 772 837 32 946 73 380 904 514 541 544 0 447 564 421 899 251 944 547 176 395 447 435 814 964 686 933 139 557 138 361 364 294 532 683 779 87 143 449 443 807 670 160 693 208 562 449 
150 63 401 602 360 877 214 103 314 657 726 678 37 723 660 427 7 932 191 442 125 962 278 156 908 702 535 163 216 427 59 717 841 811 318 200 688 532 655 1 540 380 30 577 102 690 3 108 973 545 549 97 859 179 253 766 232 139 280 447 0 519 117 66 575 238 1000 868 462 829 563 232 589 761 675 22 767 515 124 424 442 674 782 143 906 722 558 802 554 721 632 572 932 998 554 
918 690 516 758 501 833 310 188 716 964 540 256 343 922 832 796 963 186 255 935 82 804 31 940 334 635 705 565 774 337 364 43 26 879 800 526 63 461 65 779 424 957 386 118 878 217 913 840 754 168 774 835 323 156 775 8 791 831 924 564 519 0 484 325 530 559 710 255 99 478 523 930 484 719 130 96 816 44 61 468 881 7 887 609 915 953 564 325 73 623 137 946 761 372 376 
287 958 545 517 757 422 580 570 487 358 345 795 95 463 672 311 727 511 416 246 636 602 920 791 376 279 581 559 203 496 77 841 453 973 358 562 395 937 131 233 646 827 27 740 641 50 402 720 912 169 317 547 770 237 689 498 867 270 56 421 117 484 0 557 860 64 198 214 701 286 199 569 799 543 473 367 203 34 173 79 492 914 598 333 986 65 370 393 916 824 112 107 190 658 860 
262 922 457 971 483 851 907 965 435 904 143 461 995 784 862 396 503 773 916 819 671 685 407 359 182 626 980 589 46 97 73 307 370 529 277 852 379 535 168 813 790 662 625 784 445 486 531 299 610 446 470 280 131 876 638 664 501 618 253 899 66 325 557 0 177 429 210 625 401 448 768 286 351 534 381 238 805 997 205 180 639 863 692 654 890 866 449 603 357 562 468 647 635 533 259 
435 853 834 638 583 720 157 747 862 818 723 645 615 560 528 913 169 973 382 800 455 610 437 119 462 406 723 360 823 47 917 257 251 102 246 185 173 754 931 34 572 5 679 186 564 558 450 84 530 832 883 337 441 671 455 902 77 529 614 251 575 530 860 177 0 348 512 755 430 933 221 321 741 595 640 802 616 439 806 496 801 214 450 697 761 144 708 294 365 637 694 399 414 527 217 
631 105 361 155 859 643 189 782 647 219 967 210 776 768 293 305 599 527 993 391 197 447 293 625 975 258 876 901 787 735 77 769 839 789 923 49 431 111 830 77 329 148 286 456 916 930 113 866 456 105 257 653 904 901 277 878 158 504 131 944 238 559 64 429 348 0 944 709 917 121 351 208 388 523 123 172 98 836 659 691 751 206 894 974 284 211 334 269 99 478 988 448 209 384 873 
986 477 778 449 659 855 129 806 492 585 73 774 697 939 229 801 547 233 704 447 862 934 604 365 416 899 955 974 962 383 321 299 211 451 747 869 305 876 27 148 460 451 921 508 389 502 660 287 734 716 733 947 649 336 312 64 586 266 389 547 1000 710 198 210 512 944 0 697 200 41 205 5 659 382 7 7 529 425 287 603 779 16 685 539 361 658 183 678 9 430 345 662 500 264 752 
79 168 171 457 315 982 907 588 489 648 89 149 934 822 216 667 769 864 354 432 279 292 49 667 838 48 728 387 257 239 331 687 406 501 143 73 483 402 660 323 49 748 823 334 921 38 1000 41 901 706 472 531 997 520 550 186 919 277 573 176 868 255 214 625 755 709 697 0 215 748 303 619 563 758 780 863 197 225 67 250 181 885 555 166 622 298 336 560 389 559 785 187 529 5 912 
589 110 356 912 510 455 734 843 376 772 843 416 24 900 240 907 896 111 456 433 30 84 5 205 951 259 770 576 366 478 624 954 939 332 217 448 786 303 291 161 426 485 929 449 384 168 707 631 278 162 63 307 246 420 863 548 30 985 475 395 462 99 701 401 430 917 200 215 0 103 749 247 315 257 505 329 181 944 538 76 656 934 133 214 745 314 120 985 396 692 425 54 574 268 108 
571 490 728 996 326 8 797 709 175 503 691 804 665 754 463 262 525 677 809 554 13 284 949 475 382 1 227 163 269 778 377 840 268 456 835 593 463 631 654 989 134 344 145 150 449 607 411 973 635 219 879 648 854 827 474 587 179 52 749 447 829 478 286 448 933 121 41 748 103 0 832 317 409 368 23 56 57 899 983 958 329 223 763 445 803 708 416 748 816 689 387 607 714 412 500 
46 736 236 741 880 737 542 838 147 866 825 718 744 472 571 922 297 510 100 348 258 547 176 87 184 624 20 304 16 119 759 413 206 346 153 86 83 46 275 229 912 99 298 655 922 869 929 570 378 28 917 987 926 445 74 110 420 445 765 435 563 523 199 768 221 351 205 303 749 832 0 41 857 525 810 457 103 444 903 761 53 591 162 699 641 385 865 925 439 193 838 95 510 519 682 
883 660 282 181 666 556 401 594 125 130 974 394 468 899 838 893 360 257 337 125 43 251 999 241 371 219 943 927 873 691 110 756 702 392 288 720 947 40 313 423 521 638 816 988 537 653 881 248 261 569 372 655 820 371 895 542 941 190 820 814 232 930 569 286 321 208 5 619 247 317 41 0 499 661 224 132 635 562 605 571 71 515 494 539 975 359 888 602 780 473 685 998 947 170 438 
767 307 857 106 195 861 986 442 474 907 814 128 726 536 375 619 476 916 438 641 147 367 561 784 39 768 788 9 366 457 50 484 763 258 590 957 470 927 750 943 833 563 423 910 450 797 528 278 712 318 918 210 684 479 994 75 598 781 83 964 589 484 799 351 741 388 659 563 315 409 857 499 0 52 408 385 91 176 981 652 242 131 303 258 548 552 586 146 455 80 637 574 18 981 779 
323 279 409 773 75 288 402 138 605 671 348 641 501 693 715 99 473 149 414 414 633 212 764 725 952 775 287 618 183 144 116 857 422 876 981 849 164 382 986 768 53 333 408 905 25 474 355 850 623 768 263 255 332 378 979 635 152 618 252 686 761 719 543 534 595 523 382 758 257 368 525 661 52 0 757 688 429 378 703 608 778 124 277 893 470 463 209 571 426 933 246 960 706 440 966 
285 565 77 758 920 278 732 39 540 986 370 269 317 356 421 286 607 458 398 326 1000 931 272 875 665 29 131 32 905 791 83 189 355 511 299 626 788 30 665 679 368 386 948 36 742 720 321 700 177 718 377 529 1000 648 403 664 28 533 695 933 675 130 473 381 640 123 7 780 505 23 810 224 408 757 0 597 333 804 637 591 421 829 945 640 24 983 1000 101 587 340 608 668 550 148 657 
259 501 828 931 553 5 648 929 533 647 929 287 311 956 819 357 240 845 838 65 225 830 187 231 609 43 605 418 266 365 527 876 865 354 806 769 710 805 50 594 804 978 880 466 285 50 822 877 894 12 941 471 841 479 53 801 874 658 570 139 22 96 367 238 802 172 7 863 329 56 457 132 385 688 597 0 342 689 418 808 339 230 815 131 569 255 46 696 673 40 920 550 77 815 755 
21 738 770 897 983 781 189 805 621 20 858 421 893 515 343 383 536 790 749 125 591 273 131 454 601 538 262 732 274 949 680 647 38 449 543 373 582 84 177 554 103 34 327 347 900 669 81 435 458 830 912 49 454 42 854 54 932 467 137 557 767 816 203 805 616 98 529 197 181 57 103 635 91 429 333 342 0 584 686 851 436 122 819 992 352 208 329 913 275 559 88 730 786 194 959 
97 413 129 554 594 40 954 47 433 159 100 364 625 588 921 744 755 475 900 723 572 428 271 752 484 373 738 926 801 70 268 897 483 396 803 76 435 756 475 219 267 926 583 243 514 855 986 620 329 885 342 253 664 613 356 148 985 94 425 138 515 44 34 997 439 836 425 225 944 899 444 562 176 378 804 689 584 0 676 957 531 28 339 849 760 928 163 700 418 396 126 321 636 339 455 
790 309 264 26 2 516 690 614 872 189 951 317 613 88 831 657 473 180 447 661 956 24 604 206 819 517 381 548 320 70 131 461 730 746 487 83 262 528 697 485 68 999 801 680 86 631 688 558 810 487 218 117 862 173 322 32 689 703 579 361 124 61 173 205 806 659 287 67 538 983 903 605 981 703 637 418 686 676 0 629 113 623 667 618 431 267 830 581 319 996 223 807 618 605 737 
328 847 514 897 964 375 422 285 406 462 987 336 822 110 396 995 314 202 5 601 620 895 935 523 851 268 225 487 37 910 515 364 757 28 613 72 755 34 356 160 495 695 848 669 156 243 15 822 444 371 774 64 265 708 586 116 327 162 954 364 424 468 79 180 496 691 603 250 76 958 761 571 652 608 591 808 851 957 629 0 69 420 967 778 27 556 935 240 555 361 755 492 772 48 411 
646 327 754 61 944 461 646 59 140 160 364 855 583 832 933 114 679 976 716 928 51 673 40 973 677 1000 563 836 202 519 816 847 198 569 908 141 381 905 199 520 64 914 374 998 745 659 111 775 634 826 54 684 851 94 9 879 93 571 714 294 442 881 492 639 801 751 779 181 656 329 53 71 242 778 421 339 436 531 113 69 0 940 962 984 530 522 632 605 374 17 501 433 10 162 347 
709 167 105 559 612 113 437 56 35 502 349 828 734 192 466 534 943 596 714 950 276 118 372 870 896 792 208 331 675 672 752 383 190 856 941 801 320 729 856 354 582 556 182 315 100 999 848 42 947 561 343 222 679 66 91 574 858 650 256 532 674 7 914 863 214 206 16 885 934 223 591 515 131 124 829 230 122 28 623 420 940 0 433 880 376 137 750 503 738 574 942 863 134 361 84 
317 642 618 382 84 543 591 86 151 474 759 509 387 973 723 944 340 959 229 563 549 95 45 672 275 274 146 302 248 565 242 564 558 211 297 994 106 888 79 256 361 189 116 100 513 190 43 853 149 624 767 697 718 811 721 993 436 866 646 683 782 887 598 692 450 894 685 555 133 763 162 494 303 277 945 815 819 339 667 967 962 433 0 800 810 33 714 950 532 406 892 650 746 191 161 
15 32 595 735 24 30 952 21 712 734 908 661 425 709 555 461 263 39 223 776 532 877 404 828 691 222 167 710 540 128 494 555 159 89 289 534 118 241 555 182 974 814 842 750 522 748 210 136 787 784 263 670 12 18 498 702 240 16 763 779 143 609 333 654 697 974 539 166 214 445 699 539 258 893 640 131 992 849 618 778 984 880 800 0 930 436 957 146 505 520 742 505 535 715 46 
995 898 649 48 489 664 163 619 158 771 304 811 819 277 702 336 842 146 35 380 404 927 19 886 270 219 504 48 554 735 199 900 632 847 947 472 510 109 91 667 231 394 830 49 22 531 385 863 676 771 594 431 49 612 317 318 182 172 717 87 906 915 986 890 761 284 361 622 745 803 641 975 548 470 24 569 352 760 431 27 530 376 810 930 0 136 663 624 860 679 796 716 274 617 62 
987 478 247 520 649 964 958 906 230 943 795 343 227 508 316 971 310 956 297 858 425 672 426 776 431 209 155 312 584 316 593 923 793 840 794 793 155 752 698 736 46 845 78 624 352 394 946 661 349 243 870 126 914 648 253 697 208 407 360 143 722 953 65 866 144 211 658 298 314 708 385 359 552 463 983 255 208 928 267 556 522 137 33 436 136 0 241 519 445 417 126 149 562 192 752 
286 484 343 44 843 485 118 795 902 335 290 464 993 939 777 52 324 487 603 786 821 209 993 749 475 900 622 963 285 57 98 570 540 792 965 735 277 434 881 530 769 171 993 113 109 121 164 432 607 118 569 428 326 913 528 152 165 149 467 449 558 564 370 449 708 334 183 336 120 416 865 888 586 209 1000 46 329 163 830 935 632 750 714 957 663 241 0 608 416 996 605 982 278 559 463 
460 827 742 926 275 299 842 644 747 549 329 282 884 448 697 748 687 634 308 686 31 636 200 860 922 831 610 636 139 624 876 599 450 617 876 76 267 717 719 14 265 399 295 148 199 343 247 885 328 554 571 358 541 122 570 463 305 179 98 443 802 325 393 603 294 269 678 560 985 748 925 602 146 571 101 696 913 700 581 240 605 503 950 146 624 519 608 0 837 844 305 513 889 297 670 
928 697 57 723 850 381 467 804 26 735 481 586 72 580 510 25 77 433 125 773 345 824 353 937 781 855 886 926 830 404 885 110 452 293 832 653 673 298 456 51 385 288 636 456 219 497 480 295 281 956 419 626 132 771 914 912 977 151 837 807 554 73 916 357 365 99 9 389 396 816 439 780 455 426 587 673 275 418 319 555 374 738 532 505 860 445 416 837 0 900 137 116 203 644 180 
947 604 995 852 676 910 208 392 360 568 780 755 735 571 887 189 996 825 213 622 243 884 177 616 621 60 472 480 505 887 668 803 842 662 655 869 923 862 260 282 782 39 389 516 609 627 57 957 451 621 578 45 504 754 660 124 814 483 956 670 721 623 824 562 637 478 430 559 692 689 193 473 80 933 340 40 559 396 996 361 17 574 406 520 679 417 996 844 900 0 155 116 752 600 197 
951 865 620 925 689 182 561 166 963 472 857 4 664 681 435 596 21 474 506 416 822 866 784 747 271 656 425 688 651 621 587 601 837 206 877 525 739 438 43 54 909 251 57 924 932 843 519 952 316 24 719 137 241 503 883 512 510 660 199 160 632 137 112 468 694 988 345 785 425 387 838 685 637 246 608 920 88 126 223 755 501 942 892 742 796 126 605 305 137 155 0 557 448 210 470 
816 120 291 927 588 984 914 932 120 691 670 957 375 658 554 983 930 641 108 152 748 961 445 991 54 592 116 658 248 605 812 63 724 102 341 663 437 255 946 557 945 967 865 319 625 419 301 906 411 761 57 158 73 854 148 126 445 616 135 693 572 946 107 647 399 448 662 187 54 607 95 998 574 960 668 550 730 321 807 492 433 863 650 505 716 149 982 513 116 116 557 0 486 993 85 
39 413 663 686 811 462 699 997 515 305 92 864 230 403 884 131 132 556 937 623 988 152 624 844 219 125 825 731 592 292 287 631 704 302 668 514 115 366 862 982 22 305 845 604 59 80 734 190 635 23 165 622 174 140 817 744 264 641 475 208 932 761 190 635 414 209 500 529 574 714 510 947 18 706 550 77 786 636 618 772 10 134 746 535 274 562 278 889 203 752 448 486 0 972 924 
865 637 473 630 845 972 158 770 37 19 717 55 725 618 483 862 605 452 633 614 586 378 148 211 292 778 99 846 881 547 331 745 535 155 375 380 479 884 149 515 903 217 569 627 835 403 840 791 855 824 405 792 554 904 2 845 681 452 690 562 998 372 658 533 527 384 264 5 268 412 519 170 981 440 148 815 194 339 605 48 162 361 191 715 617 192 559 297 644 600 210 993 972 0 329 
220 525 850 603 140 854 222 552 724 391 532 515 890 698 709 580 654 108 742 15 299 808 631 490 367 279 485 318 841 478 641 60 354 490 14 494 695 236 397 419 978 928 285 220 977 993 799 630 101 540 996 751 348 978 592 66 609 77 735 449 554 376 860 259 217 873 752 912 108 500 682 438 779 966 657 755 959 455 737 411 347 84 161 46 62 752 463 670 180 197 470 85 924 329 0 
7
29 91
88 7
87 68
22 50
5 15
90 36
32 25
