96
0 19 292 717 169 662 284 79 834 755 460 511 886 5 499 436 957 127 593 291 580 3 896 684 515 457 3 547 373 394 167 350 177 610 663 186 811 514 640 414 157 650 170 724 617 158 26 536 533 145 771 335 411 326 670 838 107 415 989 225 78 442 54 357 911 390 287 673 267 84 856 470 133 667 383 452 178 997 648 97 956 821 774 754 459 689 590 304 280 785 783 88 840 998 168 758 
19 0 755 731 526 3 655 404 376 89 832 989 608 867 706 434 24 21 636 864 813 717 484 929 626 261 416 904 218 371 683 964 758 749 691 485 741 72 915 902 210 901 979 323 563 575 827 414 298 529 671 53 109 83 184 516 253 760 213 948 20 778 456 878 991 753 60 662 557 985 120 756 338 28 60 37 666 97 396 579 405 451 129 601 64 518 64 309 189 410 708 761 387 317 901 23 
292 755 0 229 728 391 615 463 421 275 755 391 34 199 881 732 164 830 828 834 83 698 900 345 386 345 792 473 880 625 544 425 268 972 475 408 231 841 707 185 281 572 787 536 635 703 366 303 762 230 141 367 970 667 205 844 896 926 591 954 651 937 797 72 73 116 440 876 413 712 30 647 518 713 799 299 298 513 599 765 225 950 658 154 481 600 439 680 603 587 243 975 836 287 836 708 
717 731 229 0 366 813 150 101 852 834 427 908 512 649 635 301 662 780 743 891 100 566 422 43 490 520 138 48 339 766 537 894 422 572 313 791 243 763 466 673 207 859 43 17 289 574 14 503 471 811 584 103 339 596 863 976 172 375 127 74 326 723 827 917 741 883 276 179 207 203 329 738 311 653 52 194 483 849 685 128 273 741 805 875 696 179 265 77 270 938 708 148 865 850 322 151 
169 526 728 366 0 625 538 942 20 454 981 822 442 346 911 438 905 811 559 640 971 809 623 652 188 881 494 734 116 940 308 853 610 100 255 210 222 709 648 684 581 634 911 971 77 895 938 949 16 25 124 876 254 326 430 458 247 273 359 401 512 461 672 984 117 474 695 934 791 528 593 949 624 792 119 351 198 580 383 589 848 740 814 448 554 900 468 122 787 687 417 467 317 167 25 622 
662 3 391 813 625 0 702 97 527 288 292 118 839 257 826 950 150 779 261 923 30 420 824 522 33 995 44 827 783 505 309 732 352 298 524 273 880 125 953 731 827 496 676 246 145 375 943 341 611 855 53 298 237 629 757 609 422 792 678 218 748 879 188 410 191 288 658 249 736 241 706 132 765 389 19 67 762 23 193 986 436 929 719 385 460 889 494 417 434 760 657 129 521 227 941 513 
284 655 615 150 538 702 0 397 921 836 480 328 800 696 521 499 924 630 764 623 208 116 939 979 76 187 946 463 163 104 828 554 975 213 254 34 949 781 69 325 970 36 941 341 236 376 456 81 383 878 490 1 919 530 205 63 105 441 377 513 999 220 829 306 766 84 498 946 221 971 866 131 485 660 746 521 578 381 175 793 215 62 959 643 214 513 417 96 788 83 72 675 70 403 53 870 
79 404 463 101 942 97 397 0 750 197 59 25 629 639 870 86 82 248 352 52 227 729 37 829 267 395 106 877 163 407 164 680 642 697 725 433 575 587 665 997 33 466 517 712 225 515 113 874 837 900 319 87 773 359 443 465 783 390 77 333 756 891 755 196 163 404 410 397 738 402 500 68 578 568 710 620 802 782 200 93 769 992 957 113 175 874 230 234 103 345 700 451 684 959 744 843 
834 376 421 852 20 527 921 750 0 100 696 137 35 120 211 647 22 425 904 589 103 235 19 90 716 620 388 316 868 639 765 895 246 942 866 481 250 722 16 35 909 244 199 182 922 249 204 762 359 675 43 293 467 295 761 43 464 554 139 839 62 171 822 569 708 936 377 427 426 566 824 184 543 238 56 40 194 83 852 537 487 493 519 391 870 230 345 282 704 347 565 409 32 678 452 672 
755 89 275 834 454 288 836 197 100 0 294 854 899 684 384 108 793 89 169 170 41 225 508 875 4 924 465 956 990 267 234 318 645 471 891 297 285 475 920 522 468 115 336 63 139 581 848 487 819 845 359 896 372 310 224 334 233 382 898 982 537 119 354 401 858 586 331 852 480 964 953 407 384 400 420 879 472 123 594 851 586 177 370 123 426 855 267 446 261 711 283 92 906 689 47 919 
460 832 755 427 981 292 480 59 696 294 0 945 441 29 311 133 644 381 159 130 312 260 39 312 964 236 986 272 977 921 802 266 907 343 872 355 285 733 259 207 365 242 132 546 441 53 588 791 54 222 336 879 671 155 538 380 294 106 291 640 332 734 308 716 828 80 909 256 504 283 105 186 572 407 296 118 804 523 932 887 518 890 659 768 976 855 948 557 962 523 639 62 950 894 5 642 
511 989 391 908 822 118 328 25 137 854 945 0 866 379 49 285 406 61 595 564 307 166 87 989 758 159 382 613 97 507 383 697 294 638 209 2 666 895 431 698 499 919 429 242 8 219 725 796 731 605 606 706 383 422 430 691 962 90 40 889 215 1000 189 620 950 798 839 723 108 569 766 896 719 533 315 40 104 343 796 394 613 540 667 595 662 750 819 447 830 191 311 378 518 941 310 769 
886 608 34 512 442 839 800 629 35 899 441 866 0 857 183 579 456 667 109 93 683 37 205 648 7 956 3 61 657 608 506 700 344 147 264 19 879 604 195 372 209 982 386 460 557 528 111 422 890 383 235 913 228 411 190 737 969 428 513 590 56 54 878 373 98 907 101 362 650 132 567 66 155 663 70 324 62 268 296 267 123 745 210 149 134 548 363 324 136 924 391 329 433 577 586 918 
5 867 199 649 346 257 696 639 120 684 29 379 857 0 292 816 692 548 905 722 527 343 604 286 485 311 732 660 932 897 308 771 677 344 923 337 598 666 301 547 734 874 670 685 106 220 205 918 167 800 849 341 287 289 311 403 867 604 59 197 251 792 915 149 862 786 140 15 331 65 47 352 623 631 690 18 207 28 257 856 215 686 20 718 535 43 863 860 246 924 648 289 142 459 268 41 
499 706 881 635 911 826 521 870 211 384 311 49 183 292 0 666 588 78 74 199 140 618 895 813 737 425 353 78 368 603 990 356 650 374 522 358 695 64 962 764 573 581 294 413 696 817 299 672 376 420 697 610 402 801 432 544 925 88 675 230 608 235 51 369 171 744 749 246 798 787 775 937 292 946 714 9 485 5 529 571 911 827 111 151 931 613 132 492 92 848 474 348 603 806 319 143 
436 434 732 301 438 950 499 86 647 108 133 285 579 816 666 0 747 623 481 920 573 359 976 587 835 671 926 398 270 264 402 41 737 700 370 417 147 852 953 452 826 890 297 321 6 336 901 105 496 219 340 866 960 100 333 583 747 707 234 237 164 887 637 981 679 291 119 820 873 90 223 645 245 467 607 798 366 124 317 39 758 695 219 885 425 510 633 724 507 37 588 833 939 319 636 637 
957 24 164 662 905 150 924 82 22 793 644 406 456 692 588 747 0 572 86 816 166 724 719 322 926 666 968 393 344 180 262 173 201 962 631 243 822 243 198 83 833 898 359 514 417 266 167 70 45 139 820 926 200 693 91 835 478 395 915 267 15 808 759 341 733 380 253 992 656 199 216 317 21 301 600 331 389 13 819 397 976 355 131 330 494 318 908 408 862 377 947 780 607 241 419 157 
127 21 830 780 811 779 630 248 425 89 381 61 667 548 78 623 572 0 853 110 62 177 975 183 963 388 511 432 27 322 605 618 619 107 357 314 778 415 211 499 749 254 972 511 321 637 382 727 675 705 165 919 420 953 729 971 970 48 737 628 878 634 720 838 360 449 549 911 326 347 883 531 364 674 555 765 127 598 794 724 859 849 429 19 495 40 787 660 642 510 272 144 471 582 765 429 
593 636 828 743 559 261 764 352 904 169 159 595 109 905 74 481 86 853 0 180 195 585 563 446 498 781 881 129 699 885 581 646 382 357 47 677 581 923 664 981 728 524 741 947 321 760 616 506 604 422 652 957 130 255 138 966 920 306 910 262 212 86 28 968 537 896 228 61 176 826 1000 725 822 533 233 179 187 3 521 205 431 110 810 935 690 813 229 519 49 293 72 486 556 88 635 738 
291 864 834 891 640 923 623 52 589 170 130 564 93 722 199 920 816 110 180 0 217 826 296 712 915 672 630 746 741 523 584 105 658 836 555 268 817 43 498 239 425 44 936 797 451 226 183 587 223 441 372 181 405 821 728 400 825 405 563 569 749 54 689 926 408 883 948 9 902 175 309 40 381 818 308 790 387 477 818 594 138 113 688 177 976 655 480 917 671 678 275 185 488 499 14 690 
580 813 83 100 971 30 208 227 103 41 312 307 683 527 140 573 166 62 195 217 0 217 235 269 962 224 936 358 772 701 842 553 523 678 605 224 896 532 988 390 323 616 723 426 269 443 38 718 315 724 532 269 38 127 446 588 418 284 857 293 127 243 443 100 574 539 218 351 217 985 32 400 360 629 207 72 680 308 522 341 602 725 167 568 120 692 34 518 969 626 787 388 311 406 53 107 
3 717 698 566 809 420 116 729 235 225 260 166 37 343 618 359 724 177 585 826 217 0 728 650 783 869 904 96 130 583 103 839 220 925 909 84 578 407 715 369 516 879 835 552 523 824 578 850 145 462 637 758 530 497 706 11 635 651 980 23 169 386 366 321 909 740 790 499 439 715 48 225 447 643 679 968 720 455 578 586 233 181 159 663 875 296 896 137 189 907 1000 63 468 195 481 324 
896 484 900 422 623 824 939 37 19 508 39 87 205 604 895 976 719 975 563 296 235 728 0 667 79 506 296 608 869 263 636 560 217 897 26 435 1000 897 81 75 281 51 61 217 853 262 926 912 274 454 768 124 668 528 654 396 754 891 611 781 700 426 357 514 738 231 432 839 1 394 977 707 525 871 878 96 550 479 636 648 886 545 227 223 480 589 543 666 79 115 629 426 525 701 49 385 
684 929 345 43 652 522 979 829 90 875 312 989 648 286 813 587 322 183 446 712 269 650 667 0 900 150 323 590 869 472 424 188 62 510 911 644 72 898 537 617 663 187 45 87 187 41 70 822 68 561 472 577 568 235 316 889 700 842 930 873 21 373 942 656 888 870 689 432 342 227 569 45 386 328 675 48 210 714 495 626 638 622 162 8 524 147 32 325 734 654 696 220 186 506 689 824 
515 626 386 490 188 33 76 267 716 4 964 758 7 485 737 835 926 963 498 915 962 783 79 900 0 831 684 726 839 65 717 262 833 120 56 767 448 359 383 748 557 866 787 67 970 476 55 749 523 907 931 793 918 787 21 499 673 268 807 640 500 385 76 102 142 806 776 217 427 748 449 615 118 809 89 479 836 929 627 479 402 519 715 383 834 381 952 420 93 197 703 565 451 177 647 216 
457 261 345 520 881 995 187 395 620 924 236 159 956 311 425 671 666 388 781 672 224 869 506 150 831 0 967 895 317 483 107 276 844 307 168 646 117 949 178 825 673 911 819 313 948 522 566 437 820 196 547 916 892 194 624 473 1000 554 942 324 782 818 409 863 538 141 197 12 490 123 555 995 541 788 50 48 849 916 41 488 964 772 139 281 242 964 488 235 706 713 211 483 288 297 524 376 
3 416 792 138 494 44 946 106 388 465 986 382 3 732 353 926 968 511 881 630 936 904 296 323 684 967 0 845 476 340 488 646 59 796 69 184 133 426 157 551 674 690 862 337 168 912 34 866 968 639 211 581 963 246 139 679 733 465 5 62 435 353 611 471 222 802 813 960 727 926 501 148 94 184 618 401 405 286 587 725 234 458 296 908 740 252 592 207 454 430 464 687 659 464 840 810 
547 904 473 48 734 827 463 877 316 956 272 613 61 660 78 398 393 432 129 746 358 96 608 590 726 895 845 0 429 903 200 102 286 142 683 177 855 52 892 592 634 679 478 450 599 265 584 372 323 518 644 520 583 201 590 714 650 519 876 538 470 166 139 20 563 720 290 207 802 394 406 489 965 165 29 120 765 932 306 828 443 388 171 930 587 111 755 49 601 944 185 692 635 692 528 828 
373 218 880 339 116 783 163 163 868 990 977 97 657 932 368 270 344 27 699 741 772 130 869 869 839 317 476 429 0 799 798 827 23 159 859 519 367 584 389 575 147 93 747 960 457 574 775 720 931 666 896 231 34 342 766 995 608 969 466 673 188 997 626 836 954 579 282 235 244 919 571 963 912 442 413 363 403 242 358 724 943 257 425 427 846 757 6 872 866 501 274 918 465 272 711 323 
394 371 625 766 940 505 104 407 639 267 921 507 608 897 603 264 180 322 885 523 701 583 263 472 65 483 340 903 799 0 743 795 853 276 540 766 601 549 485 789 10 226 275 274 46 790 525 113 187 564 441 101 315 662 736 175 514 139 700 193 263 451 629 265 849 951 992 374 901 223 420 924 848 442 788 428 7 437 824 168 484 857 65 79 592 478 65 410 805 47 99 251 422 802 955 403 
167 683 544 537 308 309 828 164 765 234 802 383 506 308 990 402 262 605 581 584 842 103 636 424 717 107 488 200 798 743 0 844 129 692 59 61 53 317 876 857 356 400 283 316 821 963 684 294 579 525 413 898 781 652 8 934 867 794 498 792 329 837 3 293 528 529 447 38 497 684 593 48 875 798 907 261 480 320 322 949 454 996 286 343 700 6 894 408 780 502 524 982 643 513 339 388 
350 964 425 894 853 732 554 680 895 318 266 697 700 771 356 41 173 618 646 105 553 839 560 188 262 276 646 102 827 795 844 0 551 120 874 56 177 97 28 988 655 743 916 35 425 732 153 607 463 162 18 565 796 20 435 184 67 736 454 249 265 790 31 192 865 320 568 260 510 2 778 432 44 460 796 166 932 238 358 172 250 78 198 533 304 445 947 176 145 638 409 6 304 622 878 432 
177 758 268 422 610 352 975 642 246 645 907 294 344 677 650 737 201 619 382 658 523 220 217 62 833 844 59 286 23 853 129 551 0 24 231 250 693 621 399 690 572 126 605 948 609 716 703 879 837 92 111 505 775 96 271 690 118 898 912 492 282 580 436 495 191 55 403 36 457 559 892 679 537 469 199 816 24 533 572 98 888 659 194 31 655 347 129 718 993 808 159 11 808 470 207 426 
610 749 972 572 100 298 213 697 942 471 343 638 147 344 374 700 962 107 357 836 678 925 897 510 120 307 796 142 159 276 692 120 24 0 533 469 283 509 934 393 636 323 69 851 455 665 402 948 340 106 905 265 102 670 564 777 763 719 440 746 331 773 799 365 952 644 887 913 909 396 622 694 393 863 705 560 777 832 272 713 30 946 944 496 532 957 332 88 735 88 118 308 830 151 174 447 
663 691 475 313 255 524 254 725 866 891 872 209 264 923 522 370 631 357 47 555 605 909 26 911 56 168 69 683 859 540 59 874 231 533 0 198 772 860 845 12 861 953 310 403 713 657 518 109 934 972 602 19 135 615 297 512 590 110 932 322 943 865 209 461 605 202 195 438 68 557 458 521 706 465 199 712 766 86 42 299 523 170 2 407 352 623 212 604 415 575 468 153 169 471 551 582 
186 485 408 791 210 273 34 433 481 297 355 2 19 337 358 417 243 314 677 268 224 84 435 644 767 646 184 177 519 766 61 56 250 469 198 0 266 329 398 726 152 759 516 919 685 611 992 827 852 117 586 733 28 422 52 147 365 522 622 893 145 392 107 830 659 881 98 321 599 439 484 979 160 612 317 166 222 112 306 686 735 751 359 478 561 246 948 192 132 494 927 829 124 988 232 399 
811 741 231 243 222 880 949 575 250 285 285 666 879 598 695 147 822 778 581 817 896 578 1000 72 448 117 133 855 367 601 53 177 693 283 772 266 0 633 887 123 462 818 97 96 599 392 344 640 951 960 957 914 338 651 672 385 184 863 118 315 431 651 339 774 142 931 896 514 645 636 680 177 509 251 723 626 890 206 817 50 466 226 14 232 992 198 177 504 168 848 774 789 350 377 467 959 
514 72 841 763 709 125 781 587 722 475 733 895 604 666 64 852 243 415 923 43 532 407 897 898 359 949 426 52 584 549 317 97 621 509 860 329 633 0 913 337 831 340 250 743 300 33 974 541 668 201 91 19 405 144 853 574 47 902 308 186 941 84 390 766 722 638 44 383 288 879 675 4 190 476 944 584 696 467 216 444 89 231 960 49 917 488 628 51 554 657 539 180 590 225 955 451 
640 915 707 466 648 953 69 665 16 920 259 431 195 301 962 953 198 211 664 498 988 715 81 537 383 178 157 892 389 485 876 28 399 934 845 398 887 913 0 722 184 576 32 630 261 125 105 52 40 16 256 819 153 780 494 963 147 264 699 577 900 282 861 26 821 284 507 717 688 840 983 398 90 532 27 785 23 245 505 130 504 94 667 943 735 472 177 425 586 191 627 631 159 947 975 593 
414 902 185 673 684 731 325 997 35 522 207 698 372 547 764 452 83 499 981 239 390 369 75 617 748 825 551 592 575 789 857 988 690 393 12 726 123 337 722 0 722 61 295 629 520 640 548 402 661 986 351 206 156 297 432 779 999 768 256 153 492 174 160 695 202 219 273 940 70 553 503 712 51 840 130 17 83 288 668 586 304 718 533 975 213 427 522 138 872 546 339 197 734 55 270 982 
157 210 281 207 581 827 970 33 909 468 365 499 209 734 573 826 833 749 728 425 323 516 281 663 557 673 674 634 147 10 356 655 572 636 861 152 462 831 184 722 0 806 938 158 790 613 173 27 838 45 450 266 776 454 76 259 279 283 206 520 829 554 743 518 579 223 374 234 768 842 627 762 926 875 715 462 167 589 161 294 674 759 682 523 695 342 247 496 166 367 173 271 495 265 354 370 
650 901 572 859 634 496 36 466 244 115 242 919 982 874 581 890 898 254 524 44 616 879 51 187 866 911 690 679 93 226 400 743 126 323 953 759 818 340 576 61 806 0 515 527 701 530 692 195 94 589 592 49 823 286 384 694 792 721 341 568 583 368 168 741 649 363 415 324 192 122 439 584 13 938 674 255 178 767 788 16 21 984 326 62 711 326 476 982 548 713 617 692 461 192 331 234 
170 979 787 43 911 676 941 517 199 336 132 429 386 670 294 297 359 972 741 936 723 835 61 45 787 819 862 478 747 275 283 916 605 69 310 516 97 250 32 295 938 515 0 871 879 858 272 549 743 943 956 911 890 718 214 821 961 857 648 42 58 525 700 314 151 368 111 663 177 121 268 960 770 372 797 56 538 630 464 979 269 609 199 921 874 528 692 936 53 737 1 574 251 995 579 750 
724 323 536 17 971 246 341 712 182 63 546 242 460 685 413 321 514 511 947 797 426 552 217 87 67 313 337 450 960 274 316 35 948 851 403 919 96 743 630 629 158 527 871 0 346 492 284 448 727 779 684 531 356 216 617 996 248 711 718 109 884 607 621 890 676 481 827 596 769 325 194 179 432 890 137 786 228 208 456 560 797 855 891 23 828 242 609 172 301 642 563 952 927 193 939 639 
617 563 635 289 77 145 236 225 922 139 441 8 557 106 696 6 417 321 321 451 269 523 853 187 970 948 168 599 457 46 821 425 609 455 713 685 599 300 261 520 790 701 879 346 0 749 248 112 612 740 792 389 109 926 694 97 658 325 399 765 834 511 434 889 510 500 907 339 522 538 486 935 635 921 363 624 385 147 44 872 588 21 345 780 597 720 690 193 145 637 265 980 954 650 598 627 
158 575 703 574 895 375 376 515 249 581 53 219 528 220 817 336 266 637 760 226 443 824 262 41 476 522 912 265 574 790 963 732 716 665 657 611 392 33 125 640 613 530 858 492 749 0 922 220 470 714 5 873 291 519 997 716 885 297 674 271 665 759 750 35 321 111 860 260 326 908 42 896 413 669 510 64 23 986 992 902 179 436 309 423 804 492 176 427 496 936 826 274 854 152 249 245 
26 827 366 14 938 943 456 113 204 848 588 725 111 205 299 901 167 382 616 183 38 578 926 70 55 566 34 584 775 525 684 153 703 402 518 992 344 974 105 548 173 692 272 284 248 922 0 905 574 350 376 396 667 316 302 930 346 769 951 697 399 493 609 222 707 771 297 415 641 766 768 823 676 708 743 583 945 683 772 951 906 550 110 907 252 751 241 247 808 678 502 784 218 511 926 276 
536 414 303 503 949 341 81 874 762 487 791 796 422 918 672 105 70 727 506 587 718 850 912 822 749 437 866 372 720 113 294 607 879 948 109 827 640 541 52 402 27 195 549 448 112 220 905 0 8 878 964 314 660 971 136 283 487 71 666 383 200 670 193 582 595 880 159 682 530 736 53 603 8 221 962 954 773 159 862 620 563 375 476 461 91 390 597 600 6 365 211 759 561 242 369 783 
533 298 762 471 16 611 383 837 359 819 54 731 890 167 376 496 45 675 604 223 315 145 274 68 523 820 968 323 931 187 579 463 837 340 934 852 951 668 40 661 838 94 743 727 612 470 574 8 0 418 521 143 63 471 725 39 206 696 762 898 894 392 469 872 33 911 408 170 651 254 924 778 777 695 416 181 501 935 137 625 389 636 89 442 650 883 314 86 489 445 98 417 676 86 365 25 
145 529 230 811 25 855 878 900 675 845 222 605 383 800 420 219 139 705 422 441 724 462 454 561 907 196 639 518 666 564 525 162 92 106 972 117 960 201 16 986 45 589 943 779 740 714 350 878 418 0 379 352 797 570 439 247 265 74 212 958 610 931 988 190 243 18 524 828 169 943 767 548 498 592 976 113 132 685 292 155 336 11 919 842 293 563 469 765 208 323 573 621 125 950 560 365 
771 671 141 584 124 53 490 319 43 359 336 606 235 849 697 340 820 165 652 372 532 637 768 472 931 547 211 644 896 441 413 18 111 905 602 586 957 91 256 351 450 592 956 684 792 5 376 964 521 379 0 846 416 791 216 34 311 827 228 951 949 723 233 507 354 114 459 691 783 263 361 994 388 38 270 96 511 635 679 213 53 488 515 637 66 396 76 516 676 42 837 943 48 740 734 825 
335 53 367 103 876 298 1 87 293 896 879 706 913 341 610 866 926 919 957 181 269 758 124 577 793 916 581 520 231 101 898 565 505 265 19 733 914 19 819 206 266 49 911 531 389 873 396 314 143 352 846 0 100 598 523 626 624 332 618 543 373 987 911 323 606 449 626 872 867 591 308 177 488 323 974 604 181 243 658 966 342 360 608 361 769 574 347 956 458 423 236 804 339 843 770 132 
411 109 970 339 254 237 919 773 467 372 671 383 228 287 402 960 200 420 130 405 38 530 668 568 918 892 963 583 34 315 781 796 775 102 135 28 338 405 153 156 776 823 890 356 109 291 667 660 63 797 416 100 0 66 144 609 252 76 192 980 778 316 354 862 503 758 665 326 959 657 166 772 296 234 6 80 203 139 222 92 920 191 430 504 519 210 716 253 749 581 573 683 944 144 393 688 
326 83 667 596 326 629 530 359 295 310 155 422 411 289 801 100 693 953 255 821 127 497 528 235 787 194 246 201 342 662 652 20 96 670 615 422 651 144 780 297 454 286 718 216 926 519 316 971 471 570 791 598 66 0 869 429 416 718 838 731 1000 148 589 372 91 344 890 529 135 656 689 700 264 260 499 543 60 466 314 212 938 32 93 211 897 336 618 533 106 508 817 720 924 441 783 209 
670 184 205 863 430 757 205 443 761 224 538 430 190 311 432 333 91 729 138 728 446 706 654 316 21 624 139 590 766 736 8 435 271 564 297 52 672 853 494 432 76 384 214 617 694 997 302 136 725 439 216 523 144 869 0 866 675 173 899 415 393 711 205 979 493 670 666 304 561 169 228 222 225 651 1000 651 742 308 505 943 979 334 121 720 292 720 378 280 191 428 283 376 524 348 458 955 
838 516 844 976 458 609 63 465 43 334 380 691 737 403 544 583 835 971 966 400 588 11 396 889 499 473 679 714 995 175 934 184 690 777 512 147 385 574 963 779 259 694 821 996 97 716 930 283 39 247 34 626 609 429 866 0 924 343 350 971 629 701 429 963 997 563 441 894 385 757 966 738 413 395 446 911 390 419 200 922 322 62 496 238 352 943 667 672 841 129 627 599 394 672 39 904 
107 253 896 172 247 422 105 783 464 233 294 962 969 867 925 747 478 970 920 825 418 635 754 700 673 1000 733 650 608 514 867 67 118 763 590 365 184 47 147 999 279 792 961 248 658 885 346 487 206 265 311 624 252 416 675 924 0 623 131 54 781 318 997 234 980 484 438 540 625 778 595 47 804 48 549 590 909 733 707 700 253 803 231 491 138 300 457 120 812 220 27 554 212 89 658 936 
415 760 926 375 273 792 441 390 554 382 106 90 428 604 88 707 395 48 306 405 284 651 891 842 268 554 465 519 969 139 794 736 898 719 110 522 863 902 264 768 283 721 857 711 325 297 769 71 696 74 827 332 76 718 173 343 623 0 903 476 828 63 815 801 67 471 830 263 639 94 729 721 318 186 618 404 146 945 443 19 565 143 417 628 383 324 321 838 997 858 746 414 534 164 298 116 
989 213 591 127 359 678 377 77 139 898 291 40 513 59 675 234 915 737 910 563 857 980 611 930 807 942 5 876 466 700 498 454 912 440 932 622 118 308 699 256 206 341 648 718 399 674 951 666 762 212 228 618 192 838 899 350 131 903 0 860 98 218 919 335 911 635 730 100 538 150 723 578 729 559 475 382 506 351 857 750 764 801 666 519 290 53 774 72 794 72 163 291 29 363 918 83 
225 948 954 74 401 218 513 333 839 982 640 889 590 197 230 237 267 628 262 569 293 23 781 873 640 324 62 538 673 193 792 249 492 746 322 893 315 186 577 153 520 568 42 109 765 271 697 383 898 958 951 543 980 731 415 971 54 476 860 0 320 666 974 70 933 414 719 126 868 696 517 361 715 841 313 305 663 974 416 775 547 412 655 270 335 56 814 991 677 721 301 472 676 712 368 259 
78 20 651 326 512 748 999 756 62 537 332 215 56 251 608 164 15 878 212 749 127 169 700 21 500 782 435 470 188 263 329 265 282 331 943 145 431 941 900 492 829 583 58 884 834 665 399 200 894 610 949 373 778 1000 393 629 781 828 98 320 0 865 443 65 915 773 822 637 891 668 500 996 518 627 757 831 504 381 618 538 48 351 481 58 975 153 386 247 801 904 197 664 307 965 604 518 
442 778 937 723 461 879 220 891 171 119 734 1000 54 792 235 887 808 634 86 54 243 386 426 373 385 818 353 166 997 451 837 790 580 773 865 392 651 84 282 174 554 368 525 607 511 759 493 670 392 931 723 987 316 148 711 701 318 63 218 666 865 0 922 627 438 163 177 138 34 186 316 626 604 709 381 643 985 22 178 698 569 796 304 861 989 410 667 832 925 573 686 272 23 227 256 822 
54 456 797 827 672 188 829 755 822 354 308 189 878 915 51 637 759 720 28 689 443 366 357 942 76 409 611 139 626 629 3 31 436 799 209 107 339 390 861 160 743 168 700 621 434 750 609 193 469 988 233 911 354 589 205 429 997 815 919 974 443 922 0 613 149 733 638 385 729 50 646 144 110 653 108 470 594 563 773 298 796 489 204 802 991 500 761 518 174 358 61 829 331 333 597 690 
357 878 72 917 984 410 306 196 569 401 716 620 373 149 369 981 341 838 968 926 100 321 514 656 102 863 471 20 836 265 293 192 495 365 461 830 774 766 26 695 518 741 314 890 889 35 222 582 872 190 507 323 862 372 979 963 234 801 335 70 65 627 613 0 457 180 224 24 699 227 391 27 54 447 308 646 880 266 541 636 936 362 26 441 629 499 866 317 146 63 707 26 466 786 811 295 
911 991 73 741 117 191 766 163 708 858 828 950 98 862 171 679 733 360 537 408 574 909 738 888 142 538 222 563 954 849 528 865 191 952 605 659 142 722 821 202 579 649 151 676 510 321 707 595 33 243 354 606 503 91 493 997 980 67 911 933 915 438 149 457 0 158 415 402 295 933 289 319 348 571 438 202 113 853 802 762 599 93 599 708 521 719 351 271 659 13 155 579 852 377 782 268 
390 753 116 883 474 288 84 404 936 586 80 798 907 786 744 291 380 449 896 883 539 740 231 870 806 141 802 720 579 951 529 320 55 644 202 881 931 638 284 219 223 363 368 481 500 111 771 880 911 18 114 449 758 344 670 563 484 471 635 414 773 163 733 180 158 0 832 823 797 958 103 665 815 117 306 533 359 1000 814 949 318 10 205 208 694 475 324 122 588 932 528 333 851 155 500 624 
287 60 440 276 695 658 498 410 377 331 909 839 101 140 749 119 253 549 228 948 218 790 432 689 776 197 813 290 282 992 447 568 403 887 195 98 896 44 507 273 374 415 111 827 907 860 297 159 408 524 459 626 665 890 666 441 438 830 730 719 822 177 638 224 415 832 0 344 298 17 874 357 566 58 624 164 101 729 198 321 22 112 385 270 189 96 165 508 277 557 633 854 941 773 42 46 
673 662 876 179 934 249 946 397 427 852 256 723 362 15 246 820 992 911 61 9 351 499 839 432 217 12 960 207 235 374 38 260 36 913 438 321 514 383 717 940 234 324 663 596 339 260 415 682 170 828 691 872 326 529 304 894 540 263 100 126 637 138 385 24 402 823 344 0 291 568 968 848 856 173 512 179 3 58 618 811 416 318 612 940 864 916 527 774 827 212 928 367 202 106 248 578 
267 557 413 207 791 736 221 738 426 480 504 108 650 331 798 873 656 326 176 902 217 439 1 342 427 490 727 802 244 901 497 510 457 909 68 599 645 288 688 70 768 192 177 769 522 326 641 530 651 169 783 867 959 135 561 385 625 639 538 868 891 34 729 699 295 797 298 291 0 836 777 20 357 944 601 117 54 466 382 392 407 592 517 608 610 962 303 524 493 940 66 512 441 379 454 74 
84 985 712 203 528 241 971 402 566 964 283 569 132 65 787 90 199 347 826 175 985 715 394 227 748 123 926 394 919 223 684 2 559 396 557 439 636 879 840 553 842 122 121 325 538 908 766 736 254 943 263 591 657 656 169 757 778 94 150 696 668 186 50 227 933 958 17 568 836 0 208 755 655 589 2 948 475 974 702 451 525 205 51 212 276 919 694 932 214 747 259 836 452 719 368 638 
856 120 30 329 593 706 866 500 824 953 105 766 567 47 775 223 216 883 1000 309 32 48 977 569 449 555 501 406 571 420 593 778 892 622 458 484 680 675 983 503 627 439 268 194 486 42 768 53 924 767 361 308 166 689 228 966 595 729 723 517 500 316 646 391 289 103 874 968 777 208 0 559 907 12 642 195 437 698 285 748 719 387 496 266 76 694 400 263 50 757 618 915 287 160 869 560 
470 756 647 738 949 132 131 68 184 407 186 896 66 352 937 645 317 531 725 40 400 225 707 45 615 995 148 489 963 924 48 432 679 694 521 979 177 4 398 712 762 584 960 179 935 896 823 603 778 548 994 177 772 700 222 738 47 721 578 361 996 626 144 27 319 665 357 848 20 755 559 0 282 171 316 578 573 406 542 685 80 350 198 482 304 655 549 372 658 658 238 135 935 995 807 795 
133 338 518 311 624 765 485 578 543 384 572 719 155 623 292 245 21 364 822 381 360 447 525 386 118 541 94 965 912 848 875 44 537 393 706 160 509 190 90 51 926 13 770 432 635 413 676 8 777 498 388 488 296 264 225 413 804 318 729 715 518 604 110 54 348 815 566 856 357 655 907 282 0 879 675 554 652 92 841 818 898 540 376 626 986 596 169 265 113 811 228 528 912 910 50 872 
667 28 713 653 792 389 660 568 238 400 407 533 663 631 946 467 301 674 533 818 629 643 871 328 809 788 184 165 442 442 798 460 469 863 465 612 251 476 532 840 875 938 372 890 921 669 708 221 695 592 38 323 234 260 651 395 48 186 559 841 627 709 653 447 571 117 58 173 944 589 12 171 879 0 790 603 975 679 100 727 339 996 46 186 301 221 444 550 454 845 971 841 537 506 800 309 
383 60 799 52 119 19 746 710 56 420 296 315 70 690 714 607 600 555 233 308 207 679 878 675 89 50 618 29 413 788 907 796 199 705 199 317 723 944 27 130 715 674 797 137 363 510 743 962 416 976 270 974 6 499 1000 446 549 618 475 313 757 381 108 308 438 306 624 512 601 2 642 316 675 790 0 363 800 966 998 597 228 204 440 505 483 896 157 543 310 299 152 86 214 188 98 786 
452 37 299 194 351 67 521 620 40 879 118 40 324 18 9 798 331 765 179 790 72 968 96 48 479 48 401 120 363 428 261 166 816 560 712 166 626 584 785 17 462 255 56 786 624 64 583 954 181 113 96 604 80 543 651 911 590 404 382 305 831 643 470 646 202 533 164 179 117 948 195 578 554 603 363 0 388 238 884 41 485 560 721 405 934 316 859 457 257 799 492 507 865 911 648 498 
178 666 298 483 198 762 578 802 194 472 804 104 62 207 485 366 389 127 187 387 680 720 550 210 836 849 405 765 403 7 480 932 24 777 766 222 890 696 23 83 167 178 538 228 385 23 945 773 501 132 511 181 203 60 742 390 909 146 506 663 504 985 594 880 113 359 101 3 54 475 437 573 652 975 800 388 0 665 443 980 869 783 707 608 456 64 619 976 949 133 796 114 742 10 400 905 
997 97 513 849 580 23 381 782 83 123 523 343 268 28 5 124 13 598 3 477 308 455 479 714 929 916 286 932 242 437 320 238 533 832 86 112 206 467 245 288 589 767 630 208 147 986 683 159 935 685 635 243 139 466 308 419 733 945 351 974 381 22 563 266 853 1000 729 58 466 974 698 406 92 679 966 238 665 0 121 899 134 105 901 411 86 646 750 789 117 329 654 869 783 50 23 61 
648 396 599 685 383 193 175 200 852 594 932 796 296 257 529 317 819 794 521 818 522 578 636 495 627 41 587 306 358 824 322 358 572 272 42 306 817 216 505 668 161 788 464 456 44 992 772 862 137 292 679 658 222 314 505 200 707 443 857 416 618 178 773 541 802 814 198 618 382 702 285 542 841 100 998 884 443 121 0 660 399 935 548 865 24 57 455 409 263 516 54 618 425 152 368 632 
97 579 765 128 589 986 793 93 537 851 887 394 267 856 571 39 397 724 205 594 341 586 648 626 479 488 725 828 724 168 949 172 98 713 299 686 50 444 130 586 294 16 979 560 872 902 951 620 625 155 213 966 92 212 943 922 700 19 750 775 538 698 298 636 762 949 321 811 392 451 748 685 818 727 597 41 980 899 660 0 609 418 147 401 106 946 932 414 438 929 245 882 418 95 765 930 
956 405 225 273 848 436 215 769 487 586 518 613 123 215 911 758 976 859 431 138 602 233 886 638 402 964 234 443 943 484 454 250 888 30 523 735 466 89 504 304 674 21 269 797 588 179 906 563 389 336 53 342 920 938 979 322 253 565 764 547 48 569 796 936 599 318 22 416 407 525 719 80 898 339 228 485 869 134 399 609 0 116 820 604 378 561 570 905 677 3 226 489 907 1000 935 425 
821 451 950 741 740 929 62 992 493 177 890 540 745 686 827 695 355 849 110 113 725 181 545 622 519 772 458 388 257 857 996 78 659 946 170 751 226 231 94 718 759 984 609 855 21 436 550 375 636 11 488 360 191 32 334 62 803 143 801 412 351 796 489 362 93 10 112 318 592 205 387 350 540 996 204 560 783 105 935 418 116 0 62 501 441 452 883 276 290 557 242 912 825 244 101 456 
774 129 658 805 814 719 959 957 519 370 659 667 210 20 111 219 131 429 810 688 167 159 227 162 715 139 296 171 425 65 286 198 194 944 2 359 14 960 667 533 682 326 199 891 345 309 110 476 89 919 515 608 430 93 121 496 231 417 666 655 481 304 204 26 599 205 385 612 517 51 496 198 376 46 440 721 707 901 548 147 820 62 0 762 874 519 630 721 247 703 833 37 108 937 534 61 
754 601 154 875 448 385 643 113 391 123 768 595 149 718 151 885 330 19 935 177 568 663 223 8 383 281 908 930 427 79 343 533 31 496 407 478 232 49 943 975 523 62 921 23 780 423 907 461 442 842 637 361 504 211 720 238 491 628 519 270 58 861 802 441 708 208 270 940 608 212 266 482 626 186 505 405 608 411 865 401 604 501 762 0 896 122 286 157 425 583 150 523 851 495 327 112 
459 64 481 696 554 460 214 175 870 426 976 662 134 535 931 425 494 495 690 976 120 875 480 524 834 242 740 587 846 592 700 304 655 532 352 561 992 917 735 213 695 711 874 828 597 804 252 91 650 293 66 769 519 897 292 352 138 383 290 335 975 989 991 629 521 694 189 864 610 276 76 304 986 301 483 934 456 86 24 106 378 441 874 896 0 788 852 809 396 417 58 632 748 36 235 16 
689 518 600 179 900 889 513 874 230 855 855 750 548 43 613 510 318 40 813 655 692 296 589 147 381 964 252 111 757 478 6 445 347 957 623 246 198 488 472 427 342 326 528 242 720 492 751 390 883 563 396 574 210 336 720 943 300 324 53 56 153 410 500 499 719 475 96 916 962 919 694 655 596 221 896 316 64 646 57 946 561 452 519 122 788 0 8 1000 789 131 115 412 631 637 343 367 
590 64 439 265 468 494 417 230 345 267 948 819 363 863 132 633 908 787 229 480 34 896 543 32 952 488 592 755 6 65 894 947 129 332 212 948 177 628 177 522 247 476 692 609 690 176 241 597 314 469 76 347 716 618 378 667 457 321 774 814 386 667 761 866 351 324 165 527 303 694 400 549 169 444 157 859 619 750 455 932 570 883 630 286 852 8 0 180 617 712 128 122 596 167 717 367 
304 309 680 77 122 417 96 234 282 446 557 447 324 860 492 724 408 660 519 917 518 137 666 325 420 235 207 49 872 410 408 176 718 88 604 192 504 51 425 138 496 982 936 172 193 427 247 600 86 765 516 956 253 533 280 672 120 838 72 991 247 832 518 317 271 122 508 774 524 932 263 372 265 550 543 457 976 789 409 414 905 276 721 157 809 1000 180 0 559 636 436 185 959 124 893 952 
280 189 603 270 787 434 788 103 704 261 962 830 136 246 92 507 862 642 49 671 969 189 79 734 93 706 454 601 866 805 780 145 993 735 415 132 168 554 586 872 166 548 53 301 145 496 808 6 489 208 676 458 749 106 191 841 812 997 794 677 801 925 174 146 659 588 277 827 493 214 50 658 113 454 310 257 949 117 263 438 677 290 247 425 396 789 617 559 0 340 213 825 516 800 992 482 
785 410 587 938 687 760 83 345 347 711 523 191 924 924 848 37 377 510 293 678 626 907 115 654 197 713 430 944 501 47 502 638 808 88 575 494 848 657 191 546 367 713 737 642 637 936 678 365 445 323 42 423 581 508 428 129 220 858 72 721 904 573 358 63 13 932 557 212 940 747 757 658 811 845 299 799 133 329 516 929 3 557 703 583 417 131 712 636 340 0 290 764 976 881 635 801 
783 708 243 708 417 657 72 700 565 283 639 311 391 648 474 588 947 272 72 275 787 1000 629 696 703 211 464 185 274 99 524 409 159 118 468 927 774 539 627 339 173 617 1 563 265 826 502 211 98 573 837 236 573 817 283 627 27 746 163 301 197 686 61 707 155 528 633 928 66 259 618 238 228 971 152 492 796 654 54 245 226 242 833 150 58 115 128 436 213 290 0 8 986 835 612 562 
88 761 975 148 467 129 675 451 409 92 62 378 329 289 348 833 780 144 486 185 388 63 426 220 565 483 687 692 918 251 982 6 11 308 153 829 789 180 631 197 271 692 574 952 980 274 784 759 417 621 943 804 683 720 376 599 554 414 291 472 664 272 829 26 579 333 854 367 512 836 915 135 528 841 86 507 114 869 618 882 489 912 37 523 632 412 122 185 825 764 8 0 822 116 596 351 
840 387 836 865 317 521 70 684 32 906 950 518 433 142 603 939 607 471 556 488 311 468 525 186 451 288 659 635 465 422 643 304 808 830 169 124 350 590 159 734 495 461 251 927 954 854 218 561 676 125 48 339 944 924 524 394 212 534 29 676 307 23 331 466 852 851 941 202 441 452 287 935 912 537 214 865 742 783 425 418 907 825 108 851 748 631 596 959 516 976 986 822 0 460 242 622 
998 317 287 850 167 227 403 959 678 689 894 941 577 459 806 319 241 582 88 499 406 195 701 506 177 297 464 692 272 802 513 622 470 151 471 988 377 225 947 55 265 192 995 193 650 152 511 242 86 950 740 843 144 441 348 672 89 164 363 712 965 227 333 786 377 155 773 106 379 719 160 995 910 506 188 911 10 50 152 95 1000 244 937 495 36 637 167 124 800 881 835 116 460 0 209 603 
168 901 836 322 25 941 53 744 452 47 5 310 586 268 319 636 419 765 635 14 53 481 49 689 647 524 840 528 711 955 339 878 207 174 551 232 467 955 975 270 354 331 579 939 598 249 926 369 365 560 734 770 393 783 458 39 658 298 918 368 604 256 597 811 782 500 42 248 454 368 869 807 50 800 98 648 400 23 368 765 935 101 534 327 235 343 717 893 992 635 612 596 242 209 0 646 
758 23 708 151 622 513 870 843 672 919 642 769 918 41 143 637 157 429 738 690 107 324 385 824 216 376 810 828 323 403 388 432 426 447 582 399 959 451 593 982 370 234 750 639 627 245 276 783 25 365 825 132 688 209 955 904 936 116 83 259 518 822 690 295 268 624 46 578 74 638 560 795 872 309 786 498 905 61 632 930 425 456 61 112 16 367 367 952 482 801 562 351 622 603 646 0 
23
25 26
35 92
56 10
70 71
14 23
24 39
35 80
16 19
31 20
67 55
18 49
62 83
58 7
9 15
57 94
8 83
96 10
78 24
19 94
96 10
86 6
44 69
21 31
