95
0 313 456 145 134 581 237 12 37 984 798 348 322 659 349 781 916 48 677 659 813 643 978 537 192 950 818 917 932 475 846 820 581 625 365 904 270 255 64 162 663 125 868 180 234 516 948 462 280 639 709 497 616 406 951 231 68 912 702 248 898 685 525 11 843 808 311 878 320 947 37 59 965 379 260 748 699 72 192 760 511 375 373 386 155 323 133 413 729 855 609 997 796 807 1000 
313 0 811 337 25 282 614 880 716 331 659 864 329 947 609 500 939 573 352 328 519 412 305 288 102 847 983 519 118 341 445 748 377 15 328 159 849 63 962 573 749 680 738 638 544 228 457 907 723 620 613 444 267 738 953 455 150 514 494 325 545 922 754 166 850 523 395 499 940 186 525 905 931 273 35 626 655 125 767 941 240 822 489 483 705 584 269 297 409 241 594 947 10 240 545 
456 811 0 792 836 265 345 163 31 235 275 523 834 525 690 239 919 266 481 502 762 461 213 773 46 32 584 981 649 989 773 965 579 733 316 520 890 651 95 540 922 612 457 93 107 107 843 81 925 890 345 836 693 514 153 748 150 811 424 143 245 760 88 442 424 480 422 936 297 383 783 977 204 861 448 272 983 785 502 555 366 779 642 842 971 982 539 610 494 119 837 575 832 354 278 
145 337 792 0 476 144 91 237 702 171 495 770 557 997 812 205 524 252 758 246 95 340 438 128 823 38 273 395 656 758 539 592 524 990 446 249 1000 376 474 345 456 482 58 256 893 81 579 271 10 713 120 643 804 74 535 800 45 478 384 237 573 408 398 262 548 429 621 187 650 715 105 795 925 528 359 615 693 253 583 667 243 197 207 886 487 814 7 814 73 298 527 654 361 857 986 
134 25 836 476 0 994 64 296 523 807 101 253 851 335 602 158 980 731 181 56 49 84 474 778 497 698 236 276 386 811 785 286 14 694 316 343 501 959 485 774 268 261 66 950 43 794 401 316 808 942 178 166 238 877 51 219 846 846 485 865 461 432 118 288 909 626 411 913 196 375 864 516 523 814 39 122 764 878 923 833 800 866 153 310 636 307 22 602 546 151 661 909 27 717 331 
581 282 265 144 994 0 543 324 193 815 338 590 992 988 192 537 82 154 4 957 931 841 550 163 392 419 806 150 168 637 530 749 328 81 210 623 46 714 231 827 715 270 52 687 119 273 433 889 18 38 162 833 749 183 268 510 185 516 554 618 371 504 796 356 721 88 39 736 686 943 602 443 161 401 146 14 742 574 964 296 469 376 52 476 330 578 195 539 266 100 137 355 578 956 895 
237 614 345 91 64 543 0 71 846 453 37 801 723 565 133 81 477 684 324 256 803 741 953 325 902 410 223 729 988 413 349 474 997 989 994 71 171 113 507 171 24 758 866 872 790 228 733 756 774 365 350 754 764 490 160 910 347 759 930 297 836 592 127 992 87 783 704 793 316 167 138 243 612 809 671 686 105 626 847 996 763 660 111 728 439 519 351 268 832 515 100 866 168 718 166 
12 880 163 237 296 324 71 0 859 423 112 306 655 886 282 506 171 236 938 243 607 588 600 118 681 889 434 211 132 196 421 634 648 894 833 379 354 767 174 93 192 673 460 181 585 901 994 946 584 246 342 161 246 132 8 289 772 680 991 787 890 663 74 835 753 839 774 263 301 116 715 178 201 600 815 318 472 321 373 1 681 177 410 928 71 365 174 85 621 125 673 48 457 565 482 
37 716 31 702 523 193 846 859 0 310 569 112 414 688 25 223 567 728 903 518 498 978 495 635 280 520 189 423 795 156 295 522 201 197 752 301 770 486 76 262 617 872 964 799 191 135 518 444 559 330 227 392 694 877 100 869 675 723 514 930 762 84 166 434 381 346 242 268 256 8 301 831 861 548 729 331 650 755 964 333 101 260 754 732 24 229 859 131 225 167 701 497 774 422 621 
984 331 235 171 807 815 453 423 310 0 199 993 385 781 41 420 758 103 283 819 731 321 414 302 189 808 612 964 138 401 896 768 116 517 822 157 897 58 862 789 261 516 45 717 366 564 234 521 508 554 167 500 371 401 541 324 748 437 322 263 43 17 291 364 111 775 208 590 502 801 321 579 194 249 220 695 8 545 816 246 969 239 392 589 303 650 98 314 817 51 779 731 912 515 760 
798 659 275 495 101 338 37 112 569 199 0 503 453 760 132 423 548 658 179 1000 781 448 242 422 806 712 132 16 861 680 929 530 529 543 37 172 712 523 183 802 745 90 526 807 922 201 729 283 130 593 557 573 648 355 703 864 850 6 365 343 809 656 399 133 651 995 945 836 446 114 590 415 492 719 735 243 153 904 185 930 211 868 872 788 749 813 354 807 236 781 496 685 796 46 692 
348 864 523 770 253 590 801 306 112 993 503 0 424 457 16 460 607 188 169 346 317 790 906 199 407 16 607 645 5 302 47 450 650 829 678 501 737 137 849 793 219 54 665 756 732 732 34 958 934 824 698 598 135 837 798 467 382 466 232 584 786 58 543 55 287 882 936 336 404 527 355 750 350 145 175 872 146 837 135 628 27 138 409 688 535 906 344 408 260 207 655 700 502 547 1 
322 329 834 557 851 992 723 655 414 385 453 424 0 385 116 107 890 562 356 673 741 191 875 92 318 551 21 750 560 890 575 166 281 853 735 724 808 682 288 520 358 604 259 106 686 312 918 415 778 75 940 954 773 356 996 788 659 460 745 93 217 602 512 895 240 69 381 850 333 720 211 473 165 45 983 367 385 864 979 7 570 214 126 308 626 692 556 498 297 230 729 379 631 750 516 
659 947 525 997 335 988 565 886 688 781 760 457 385 0 787 555 915 564 206 28 109 209 934 896 320 613 20 556 176 540 230 104 984 575 441 374 773 338 475 441 229 838 364 660 811 227 323 707 121 54 410 949 884 380 273 58 837 808 812 221 70 433 677 106 279 160 193 182 201 262 391 165 271 176 110 456 88 518 382 82 221 449 361 587 258 286 844 766 827 342 533 19 391 440 456 
349 609 690 812 602 192 133 282 25 41 132 16 116 787 0 219 722 406 216 49 818 237 341 749 83 48 478 256 372 306 936 679 680 562 201 359 946 493 320 569 659 977 77 819 960 862 256 446 397 950 787 147 571 386 326 224 730 235 738 602 41 248 352 379 303 845 224 170 506 160 712 738 220 177 652 234 929 167 189 688 359 899 93 900 877 289 872 543 149 332 129 972 491 72 459 
781 500 239 205 158 537 81 506 223 420 423 460 107 555 219 0 28 829 929 153 338 240 67 396 436 830 180 881 556 449 114 101 733 405 216 616 405 356 84 573 925 244 313 660 562 836 574 368 509 671 954 879 988 59 939 964 790 231 174 155 131 905 980 758 10 669 537 689 183 528 700 24 930 60 995 10 815 395 521 176 859 598 511 39 883 435 441 325 641 287 860 891 46 265 51 
916 939 919 524 980 82 477 171 567 758 548 607 890 915 722 28 0 502 823 138 516 491 674 495 955 153 83 514 925 715 888 570 553 172 851 912 300 658 267 903 413 809 595 499 214 137 814 78 18 440 327 150 305 169 975 352 147 460 725 843 200 603 859 290 724 726 463 875 905 150 570 86 132 515 95 644 558 272 90 223 616 514 446 671 622 856 871 413 200 67 13 583 270 846 915 
48 573 266 252 731 154 684 236 728 103 658 188 562 564 406 829 502 0 819 581 774 391 280 243 736 853 493 628 927 29 736 918 598 481 506 710 624 774 710 886 251 42 265 660 215 279 992 390 940 438 170 210 761 533 82 874 590 385 703 783 249 568 468 170 954 242 422 645 103 25 536 391 245 861 307 564 188 796 307 720 114 396 588 480 273 753 445 243 356 192 818 792 985 916 910 
677 352 481 758 181 4 324 938 903 283 179 169 356 206 216 929 823 819 0 508 593 198 44 810 209 588 730 252 811 4 181 836 568 59 893 210 816 75 180 553 758 913 232 898 815 593 457 163 863 74 358 801 67 807 635 842 387 12 410 305 551 110 15 988 402 985 414 259 286 4 223 543 608 772 204 887 45 144 873 333 371 565 909 837 804 183 916 490 290 48 801 126 387 693 57 
659 328 502 246 56 957 256 243 518 819 1000 346 673 28 49 153 138 581 508 0 110 989 346 88 153 822 47 991 805 640 916 750 654 306 187 598 357 292 732 250 66 828 761 191 148 238 410 379 934 548 960 396 470 680 31 795 597 300 223 990 875 372 150 623 435 23 580 955 150 60 532 614 808 533 349 419 836 500 562 276 43 826 950 849 837 269 694 302 472 106 573 740 168 948 74 
813 519 762 95 49 931 803 607 498 731 781 317 741 109 818 338 516 774 593 110 0 121 79 500 827 173 540 808 792 307 739 834 783 326 352 527 323 119 640 98 831 715 846 73 107 155 809 734 75 698 798 499 802 679 674 870 211 265 899 41 591 790 603 563 716 559 995 667 114 575 560 143 983 238 872 248 488 119 661 982 937 959 449 819 863 834 50 701 719 426 83 977 461 302 8 
643 412 461 340 84 841 741 588 978 321 448 790 191 209 237 240 491 391 198 989 121 0 185 36 104 670 911 335 790 166 172 926 493 984 594 327 968 797 424 485 737 350 626 225 511 594 486 742 323 412 90 241 718 41 37 993 912 582 457 158 275 838 543 760 731 369 291 597 537 304 515 391 99 145 940 797 691 522 664 326 754 862 206 927 430 264 267 570 272 64 93 884 746 197 730 
978 305 213 438 474 550 953 600 495 414 242 906 875 934 341 67 674 280 44 346 79 185 0 21 253 609 551 835 57 796 223 921 574 495 686 59 930 793 53 441 749 214 606 338 337 86 631 764 796 214 147 846 879 963 467 915 362 286 754 898 188 380 631 586 921 848 380 495 390 896 718 785 5 864 378 139 42 295 423 317 484 704 446 827 506 488 247 577 704 517 260 414 468 195 422 
537 288 773 128 778 163 325 118 635 302 422 199 92 896 749 396 495 243 810 88 500 36 21 0 223 479 745 889 782 98 256 408 190 702 466 706 368 39 111 567 924 839 390 542 301 149 204 776 301 818 370 837 796 61 4 805 183 86 459 169 622 638 469 776 365 376 389 903 232 379 9 29 338 863 225 973 900 890 629 790 777 501 167 41 584 407 824 789 184 28 85 314 155 344 96 
192 102 46 823 497 392 902 681 280 189 806 407 318 320 83 436 955 736 209 153 827 104 253 223 0 757 498 381 949 307 967 181 25 148 766 699 283 97 318 833 641 412 502 321 246 736 414 542 952 879 998 972 317 846 146 470 310 891 451 910 509 105 357 888 178 1 899 190 316 468 171 442 84 104 311 237 788 705 946 322 642 868 616 373 363 560 349 656 77 158 163 258 888 933 355 
950 847 32 38 698 419 410 889 520 808 712 16 551 613 48 830 153 853 588 822 173 670 609 479 757 0 373 374 743 204 320 239 165 114 462 153 346 113 629 593 971 703 64 889 397 165 986 383 293 165 760 57 787 585 423 117 616 573 254 910 749 713 217 470 148 331 768 63 670 34 665 435 220 680 288 475 549 659 569 529 916 367 734 751 20 780 636 154 549 19 138 866 781 475 785 
818 983 584 273 236 806 223 434 189 612 132 607 21 20 478 180 83 493 730 47 540 911 551 745 498 373 0 800 616 879 562 727 268 172 827 222 723 931 996 482 714 231 203 877 675 685 515 547 189 714 996 961 317 99 218 726 301 117 600 402 524 995 48 389 601 469 108 148 982 432 266 155 178 897 822 256 400 468 410 982 935 594 342 362 458 449 951 904 804 565 341 535 971 824 998 
917 519 981 395 276 150 729 211 423 964 16 645 750 556 256 881 514 628 252 991 808 335 835 889 381 374 800 0 838 256 523 94 471 425 373 694 502 893 861 653 317 837 488 525 130 243 895 23 348 818 208 657 417 763 412 977 930 111 82 471 300 473 517 884 306 380 862 347 473 848 609 561 5 963 620 288 32 844 258 298 764 293 440 268 731 228 782 149 625 683 740 409 30 221 504 
932 118 649 656 386 168 988 132 795 138 861 5 560 176 372 556 925 927 811 805 792 790 57 782 949 743 616 838 0 298 551 761 925 362 95 964 920 322 933 581 20 919 842 52 525 870 72 271 495 864 395 594 256 273 410 345 215 868 487 76 572 570 978 979 924 589 903 756 279 418 747 463 345 179 624 702 249 737 865 295 28 377 976 506 567 335 694 299 934 795 716 232 345 816 332 
475 341 989 758 811 637 413 196 156 401 680 302 890 540 306 449 715 29 4 640 307 166 796 98 307 204 879 256 298 0 169 629 897 256 517 417 949 471 839 980 673 815 239 256 559 305 136 640 522 471 61 607 343 606 110 684 333 682 631 241 828 652 548 550 395 327 28 177 607 225 329 362 680 551 616 831 861 236 872 396 644 854 19 984 335 118 44 291 14 818 221 685 317 790 206 
846 445 773 539 785 530 349 421 295 896 929 47 575 230 936 114 888 736 181 916 739 172 223 256 967 320 562 523 551 169 0 615 85 633 995 356 969 542 470 332 438 582 340 253 418 139 601 112 110 774 854 402 912 833 71 303 706 992 638 632 914 763 680 911 775 355 11 690 217 426 643 814 341 565 235 124 141 27 767 128 45 602 242 914 704 47 702 226 571 185 686 429 51 27 204 
820 748 965 592 286 749 474 634 522 768 530 450 166 104 679 101 570 918 836 750 834 926 921 408 181 239 727 94 761 629 615 0 857 338 459 219 541 577 996 742 35 43 61 583 758 385 372 732 775 854 455 442 223 30 360 927 282 131 540 675 821 254 502 341 766 748 566 985 598 717 136 521 310 558 236 801 299 160 56 54 891 103 348 243 74 9 178 63 14 649 676 580 140 622 683 
581 377 579 524 14 328 997 648 201 116 529 650 281 984 680 733 553 598 568 654 783 493 574 190 25 165 268 471 925 897 85 857 0 271 844 575 797 534 153 552 773 846 328 893 102 884 945 898 244 90 25 51 961 343 63 138 482 195 476 565 724 925 653 67 245 849 774 27 546 410 853 618 962 823 3 808 867 360 990 688 235 27 508 818 39 53 312 587 423 411 814 631 678 382 751 
625 15 733 990 694 81 989 894 197 517 543 829 853 575 562 405 172 481 59 306 326 984 495 702 148 114 172 425 362 256 633 338 271 0 311 875 858 544 564 223 711 193 148 345 525 597 796 544 387 15 550 237 604 347 576 50 855 155 61 774 510 874 767 704 550 834 432 977 513 161 777 143 897 777 34 395 123 163 268 34 762 381 235 107 26 381 592 835 65 655 874 355 234 380 833 
365 328 316 446 316 210 994 833 752 822 37 678 735 441 201 216 851 506 893 187 352 594 686 466 766 462 827 373 95 517 995 459 844 311 0 468 541 952 821 438 490 877 118 190 650 817 950 2 136 918 574 85 26 103 247 727 326 608 923 912 393 13 252 955 665 176 186 171 248 431 240 668 586 437 946 416 992 765 638 73 133 651 906 128 912 822 536 228 439 946 203 585 852 478 668 
904 159 520 249 343 623 71 379 301 157 172 501 724 374 359 616 912 710 210 598 527 327 59 706 699 153 222 694 964 417 356 219 575 875 468 0 298 844 637 677 393 106 745 842 496 677 345 565 404 384 202 216 550 219 465 356 327 393 312 429 185 708 123 354 505 827 537 939 741 136 68 133 485 636 41 281 982 590 912 520 34 244 660 127 674 711 686 189 320 913 826 891 56 98 433 
270 849 890 1000 501 46 171 354 770 897 712 737 808 773 946 405 300 624 816 357 323 968 930 368 283 346 723 502 920 949 969 541 797 858 541 298 0 257 146 50 425 814 200 383 995 869 580 784 756 52 63 70 704 529 843 911 392 22 966 392 880 730 562 59 270 273 822 712 198 103 730 585 409 529 179 760 216 736 231 681 231 108 638 582 355 958 786 725 330 754 10 62 812 336 728 
255 63 651 376 959 714 113 767 486 58 523 137 682 338 493 356 658 774 75 292 119 797 793 39 97 113 931 893 322 471 542 577 534 544 952 844 257 0 327 960 865 986 983 61 791 44 34 109 261 282 923 190 790 944 758 988 24 719 205 208 228 957 378 298 752 958 241 315 915 597 378 910 550 245 616 101 448 390 484 68 247 662 16 208 350 692 238 495 270 460 654 450 19 547 185 
64 962 95 474 485 231 507 174 76 862 183 849 288 475 320 84 267 710 180 732 640 424 53 111 318 629 996 861 933 839 470 996 153 564 821 637 146 327 0 769 584 779 204 375 80 929 691 863 987 629 895 728 148 351 825 997 451 72 303 568 426 371 196 540 257 665 310 202 393 603 783 663 685 587 207 950 453 910 636 872 66 773 69 55 97 427 859 625 292 390 498 938 512 14 914 
162 573 540 345 774 827 171 93 262 789 802 793 520 441 569 573 903 886 553 250 98 485 441 567 833 593 482 653 581 980 332 742 552 223 438 677 50 960 769 0 394 685 163 533 185 356 449 227 667 733 290 813 397 405 294 780 418 96 479 673 993 813 727 493 2 618 63 979 805 462 31 767 269 428 259 90 217 843 547 14 331 719 391 666 730 187 644 207 906 272 63 558 585 109 348 
663 749 922 456 268 715 24 192 617 261 745 219 358 229 659 925 413 251 758 66 831 737 749 924 641 971 714 317 20 673 438 35 773 711 490 393 425 865 584 394 0 853 380 777 508 959 267 630 768 187 89 690 160 696 298 311 772 155 878 822 623 325 21 661 214 84 801 905 416 749 50 488 743 845 187 147 455 934 651 313 216 900 759 148 5 693 336 161 86 862 432 532 283 62 944 
125 680 612 482 261 270 758 673 872 516 90 54 604 838 977 244 809 42 913 828 715 350 214 839 412 703 231 837 919 815 582 43 846 193 877 106 814 986 779 685 853 0 729 533 354 129 771 145 468 221 451 300 795 57 527 860 652 429 19 910 234 26 946 672 259 12 254 389 190 69 724 77 528 306 941 193 605 813 821 153 628 640 292 194 845 239 213 783 879 170 346 975 307 60 605 
868 738 457 58 66 52 866 460 964 45 526 665 259 364 77 313 595 265 232 761 846 626 606 390 502 64 203 488 842 239 340 61 328 148 118 745 200 983 204 163 380 729 0 289 268 87 482 537 952 557 987 410 883 593 92 598 151 913 62 256 778 870 621 899 641 851 351 666 208 340 385 868 971 924 785 961 714 679 681 641 358 857 800 705 617 444 339 614 165 478 69 609 86 655 700 
180 638 93 256 950 687 872 181 799 717 807 756 106 660 819 660 499 660 898 191 73 225 338 542 321 889 877 525 52 256 253 583 893 345 190 842 383 61 375 533 777 533 289 0 545 622 537 44 545 614 380 643 932 51 645 98 430 614 623 915 839 927 532 555 805 153 181 106 101 468 612 961 259 241 522 865 191 150 982 672 785 113 885 807 982 384 243 658 735 443 512 263 265 163 811 
234 544 107 893 43 119 790 585 191 366 922 732 686 811 960 562 214 215 815 148 107 511 337 301 246 397 675 130 525 559 418 758 102 525 650 496 995 791 80 185 508 354 268 545 0 707 94 851 588 274 860 248 30 436 151 270 489 237 830 130 303 810 974 130 537 171 446 571 742 682 467 593 798 833 50 1000 45 682 554 234 200 441 5 780 102 877 408 548 705 863 230 993 50 851 412 
516 228 107 81 794 273 228 901 135 564 201 732 312 227 862 836 137 279 593 238 155 594 86 149 736 165 685 243 870 305 139 385 884 597 817 677 869 44 929 356 959 129 87 622 707 0 89 982 348 858 125 557 806 978 769 174 881 147 799 209 818 117 973 277 295 695 574 187 66 500 97 606 190 100 436 194 995 846 222 680 68 107 244 956 493 732 563 509 314 810 549 580 929 727 158 
948 457 843 579 401 433 733 994 518 234 729 34 918 323 256 574 814 992 457 410 809 486 631 204 414 986 515 895 72 136 601 372 945 796 950 345 580 34 691 449 267 771 482 537 94 89 0 763 406 284 685 522 271 109 936 414 571 197 796 69 321 183 512 665 814 821 69 146 635 348 311 336 189 653 516 874 357 896 502 199 995 63 747 845 216 819 35 982 375 729 372 505 310 428 861 
462 907 81 271 316 889 756 946 444 521 283 958 415 707 446 368 78 390 163 379 734 742 764 776 542 383 547 23 271 640 112 732 898 544 2 565 784 109 863 227 630 145 537 44 851 982 763 0 957 66 538 749 687 957 126 973 987 696 906 324 854 764 832 419 612 897 908 797 647 831 36 678 281 347 497 995 602 953 995 809 167 954 450 802 75 732 630 960 256 929 594 927 319 48 678 
280 723 925 10 808 18 774 584 559 508 130 934 778 121 397 509 18 940 863 934 75 323 796 301 952 293 189 348 495 522 110 775 244 387 136 404 756 261 987 667 768 468 952 545 588 348 406 957 0 295 295 118 918 863 203 399 822 532 502 991 418 36 792 446 249 936 995 832 168 876 984 348 786 960 743 758 182 993 528 399 533 502 183 436 766 484 7 751 21 1 366 371 265 994 67 
639 620 890 713 942 38 365 246 330 554 593 824 75 54 950 671 440 438 74 548 698 412 214 818 879 165 714 818 864 471 774 854 90 15 918 384 52 282 629 733 187 221 557 614 274 858 284 66 295 0 394 674 689 267 922 255 957 208 557 725 223 292 878 652 567 157 482 756 920 703 885 230 148 776 71 760 402 40 726 531 365 627 655 682 20 1 302 823 665 776 172 631 696 120 269 
709 613 345 120 178 162 350 342 227 167 557 698 940 410 787 954 327 170 358 960 798 90 147 370 998 760 996 208 395 61 854 455 25 550 574 202 63 923 895 290 89 451 987 380 860 125 685 538 295 394 0 496 508 636 508 767 935 995 129 313 729 136 334 41 46 271 840 751 148 891 920 292 441 231 845 413 789 804 556 84 562 131 751 651 911 1000 675 613 727 386 166 18 838 996 751 
497 444 836 643 166 833 754 161 392 500 573 598 954 949 147 879 150 210 801 396 499 241 846 837 972 57 961 657 594 607 402 442 51 237 85 216 70 190 728 813 690 300 410 643 248 557 522 749 118 674 496 0 719 893 228 268 32 148 752 31 9 177 394 360 316 847 341 498 634 450 543 490 768 550 966 357 21 111 540 380 822 812 631 606 980 317 56 803 740 778 800 700 726 295 427 
616 267 693 804 238 749 764 246 694 371 648 135 773 884 571 988 305 761 67 470 802 718 879 796 317 787 317 417 256 343 912 223 961 604 26 550 704 790 148 397 160 795 883 932 30 806 271 687 918 689 508 719 0 308 958 247 221 142 13 883 497 130 421 411 297 525 124 353 809 6 399 972 246 921 10 908 444 913 389 209 471 840 860 608 801 616 568 392 288 191 264 866 794 668 999 
406 738 514 74 877 183 490 132 877 401 355 837 356 380 386 59 169 533 807 680 679 41 963 61 846 585 99 763 273 606 833 30 343 347 103 219 529 944 351 405 696 57 593 51 436 978 109 957 863 267 636 893 308 0 974 681 296 632 234 210 268 867 964 978 318 118 219 598 537 138 637 428 445 447 574 551 830 451 330 752 45 835 197 829 768 487 922 190 431 254 426 432 658 190 524 
951 953 153 535 51 268 160 8 100 541 703 798 996 273 326 939 975 82 635 31 674 37 467 4 146 423 218 412 410 110 71 360 63 576 247 465 843 758 825 294 298 527 92 645 151 769 936 126 203 922 508 228 958 974 0 425 214 234 210 551 982 814 862 487 33 574 81 752 865 180 551 519 458 412 190 681 920 1 169 521 598 312 149 646 915 75 232 944 275 805 885 13 880 639 522 
231 455 748 800 219 510 910 289 869 324 864 467 788 58 224 964 352 874 842 795 870 993 915 805 470 117 726 977 345 684 303 927 138 50 727 356 911 988 997 780 311 860 598 98 270 174 414 973 399 255 767 268 247 681 425 0 882 32 815 792 6 586 129 650 826 878 23 894 476 825 921 414 681 24 672 145 231 969 686 882 464 59 476 333 515 175 268 47 364 349 778 123 33 952 705 
68 150 150 45 846 185 347 772 675 748 850 382 659 837 730 790 147 590 387 597 211 912 362 183 310 616 301 930 215 333 706 282 482 855 326 327 392 24 451 418 772 652 151 430 489 881 571 987 822 957 935 32 221 296 214 882 0 204 487 471 368 580 532 447 466 449 339 12 559 523 302 862 16 126 213 378 731 461 898 281 960 553 282 579 140 619 909 343 331 272 915 649 438 16 661 
912 514 811 478 846 516 759 680 723 437 6 466 460 808 235 231 460 385 12 300 265 582 286 86 891 573 117 111 868 682 992 131 195 155 608 393 22 719 72 96 155 429 913 614 237 147 197 696 532 208 995 148 142 632 234 32 204 0 161 305 505 809 262 876 633 42 189 252 199 611 168 25 987 660 363 936 320 820 578 855 532 258 843 359 372 875 534 847 78 721 577 900 202 814 519 
702 494 424 384 485 554 930 991 514 322 365 232 745 812 738 174 725 703 410 223 899 457 754 459 451 254 600 82 487 631 638 540 476 61 923 312 966 205 303 479 878 19 62 623 830 799 796 906 502 557 129 752 13 234 210 815 487 161 0 614 657 410 997 885 132 257 884 240 949 672 529 326 685 986 292 784 615 164 295 531 227 703 267 600 245 754 50 548 988 31 518 531 63 173 561 
248 325 143 237 865 618 297 787 930 263 343 584 93 221 602 155 843 783 305 990 41 158 898 169 910 910 402 471 76 241 632 675 565 774 912 429 392 208 568 673 822 910 256 915 130 209 69 324 991 725 313 31 883 210 551 792 471 305 614 0 939 149 510 777 741 389 241 767 837 941 400 325 361 656 189 79 331 197 762 927 340 281 257 436 706 305 954 993 264 67 631 880 783 832 992 
898 545 245 573 461 371 836 890 762 43 809 786 217 70 41 131 200 249 551 875 591 275 188 622 509 749 524 300 572 828 914 821 724 510 393 185 880 228 426 993 623 234 778 839 303 818 321 854 418 223 729 9 497 268 982 6 368 505 657 939 0 812 161 777 380 720 568 428 805 835 848 387 19 210 331 119 180 55 801 602 527 463 861 695 58 992 929 137 444 539 797 584 518 956 77 
685 922 760 408 432 504 592 663 84 17 656 58 602 433 248 905 603 568 110 372 790 838 380 638 105 713 995 473 570 652 763 254 925 874 13 708 730 957 371 813 325 26 870 927 810 117 183 764 36 292 136 177 130 867 814 586 580 809 410 149 812 0 676 795 258 964 246 281 165 98 171 492 378 902 526 907 755 190 61 10 624 304 861 865 300 801 103 773 559 567 555 311 465 199 764 
525 754 88 398 118 796 127 74 166 291 399 543 512 677 352 980 859 468 15 150 603 543 631 469 357 217 48 517 978 548 680 502 653 767 252 123 562 378 196 727 21 946 621 532 974 973 512 832 792 878 334 394 421 964 862 129 532 262 997 510 161 676 0 470 859 136 806 751 786 657 535 197 22 565 424 231 629 357 169 332 582 383 956 678 779 313 483 407 630 715 306 811 274 805 26 
11 166 442 262 288 356 992 835 434 364 133 55 895 106 379 758 290 170 988 623 563 760 586 776 888 470 389 884 979 550 911 341 67 704 955 354 59 298 540 493 661 672 899 555 130 277 665 419 446 652 41 360 411 978 487 650 447 876 885 777 777 795 470 0 624 569 342 806 702 596 700 356 980 384 333 926 398 766 790 289 761 490 368 512 97 396 241 76 866 301 963 566 548 337 179 
843 850 424 548 909 721 87 753 381 111 651 287 240 279 303 10 724 954 402 435 716 731 921 365 178 148 601 306 924 395 775 766 245 550 665 505 270 752 257 2 214 259 641 805 537 295 814 612 249 567 46 316 297 318 33 826 466 633 132 741 380 258 859 624 0 149 677 257 29 258 299 634 274 30 911 301 229 353 680 44 385 684 447 972 677 181 47 959 975 574 429 18 699 579 948 
808 523 480 429 626 88 783 839 346 775 995 882 69 160 845 669 726 242 985 23 559 369 848 376 1 331 469 380 589 327 355 748 849 834 176 827 273 958 665 618 84 12 851 153 171 695 821 897 936 157 271 847 525 118 574 878 449 42 257 389 720 964 136 569 149 0 343 273 33 87 127 864 959 2 369 646 972 121 158 404 714 385 861 158 691 486 371 634 68 13 860 395 478 635 45 
311 395 422 621 411 39 704 774 242 208 945 936 381 193 224 537 463 422 414 580 995 291 380 389 899 768 108 862 903 28 11 566 774 432 186 537 822 241 310 63 801 254 351 181 446 574 69 908 995 482 840 341 124 219 81 23 339 189 884 241 568 246 806 342 677 343 0 744 794 83 120 489 464 372 725 207 379 355 54 161 146 733 379 991 122 459 926 264 537 213 788 456 603 786 611 
878 499 936 187 913 736 793 263 268 590 836 336 850 182 170 689 875 645 259 955 667 597 495 903 190 63 148 347 756 177 690 985 27 977 171 939 712 315 202 979 905 389 666 106 571 187 146 797 832 756 751 498 353 598 752 894 12 252 240 767 428 281 751 806 257 273 744 0 579 712 29 570 34 558 441 60 444 440 263 76 615 144 85 905 384 490 832 684 304 327 790 79 862 266 27 
320 940 297 650 196 686 316 301 256 502 446 404 333 201 506 183 905 103 286 150 114 537 390 232 316 670 982 473 279 607 217 598 546 513 248 741 198 915 393 805 416 190 208 101 742 66 635 647 168 920 148 634 809 537 865 476 559 199 949 837 805 165 786 702 29 33 794 579 0 35 856 126 508 598 337 746 772 510 994 824 312 47 229 365 392 529 608 481 689 824 866 845 848 181 229 
947 186 383 715 375 943 167 116 8 801 114 527 720 262 160 528 150 25 4 60 575 304 896 379 468 34 432 848 418 225 426 717 410 161 431 136 103 597 603 462 749 69 340 468 682 500 348 831 876 703 891 450 6 138 180 825 523 611 672 941 835 98 657 596 258 87 83 712 35 0 902 503 500 958 284 156 183 617 689 384 563 505 799 45 218 885 136 240 828 954 638 745 115 800 524 
37 525 783 105 864 602 138 715 301 321 590 355 211 391 712 700 570 536 223 532 560 515 718 9 171 665 266 609 747 329 643 136 853 777 240 68 730 378 783 31 50 724 385 612 467 97 311 36 984 885 920 543 399 637 551 921 302 168 529 400 848 171 535 700 299 127 120 29 856 902 0 337 303 337 700 149 13 282 809 441 298 862 827 922 113 28 828 890 210 951 852 988 798 374 726 
59 905 977 795 516 443 243 178 831 579 415 750 473 165 738 24 86 391 543 614 143 391 785 29 442 435 155 561 463 362 814 521 618 143 668 133 585 910 663 767 488 77 868 961 593 606 336 678 348 230 292 490 972 428 519 414 862 25 326 325 387 492 197 356 634 864 489 570 126 503 337 0 602 795 875 893 226 795 644 488 527 298 987 864 748 222 295 993 774 686 649 728 130 594 173 
965 931 204 925 523 161 612 201 861 194 492 350 165 271 220 930 132 245 608 808 983 99 5 338 84 220 178 5 345 680 341 310 962 897 586 485 409 550 685 269 743 528 971 259 798 190 189 281 786 148 441 768 246 445 458 681 16 987 685 361 19 378 22 980 274 959 464 34 508 500 303 602 0 615 224 700 788 781 861 537 543 497 91 590 414 124 700 22 706 475 983 719 773 211 480 
379 273 861 528 814 401 809 600 548 249 719 145 45 176 177 60 515 861 772 533 238 145 864 863 104 680 897 963 179 551 565 558 823 777 437 636 529 245 587 428 845 306 924 241 833 100 653 347 960 776 231 550 921 447 412 24 126 660 986 656 210 902 565 384 30 2 372 558 598 958 337 795 615 0 484 461 78 313 841 81 7 718 978 626 81 471 166 856 374 780 272 596 236 381 425 
260 35 448 359 39 146 671 815 729 220 735 175 983 110 652 995 95 307 204 349 872 940 378 225 311 288 822 620 624 616 235 236 3 34 946 41 179 616 207 259 187 941 785 522 50 436 516 497 743 71 845 966 10 574 190 672 213 363 292 189 331 526 424 333 911 369 725 441 337 284 700 875 224 484 0 109 769 296 977 159 664 411 223 670 730 605 890 650 860 480 513 990 394 757 983 
748 626 272 615 122 14 686 318 331 695 243 872 367 456 234 10 644 564 887 419 248 797 139 973 237 475 256 288 702 831 124 801 808 395 416 281 760 101 950 90 147 193 961 865 1000 194 874 995 758 760 413 357 908 551 681 145 378 936 784 79 119 907 231 926 301 646 207 60 746 156 149 893 700 461 109 0 832 463 766 122 742 937 95 722 867 1000 107 921 762 337 564 64 174 413 891 
699 655 983 693 764 742 105 472 650 8 153 146 385 88 929 815 558 188 45 836 488 691 42 900 788 549 400 32 249 861 141 299 867 123 992 982 216 448 453 217 455 605 714 191 45 995 357 602 182 402 789 21 444 830 920 231 731 320 615 331 180 755 629 398 229 972 379 444 772 183 13 226 788 78 769 832 0 158 414 113 74 824 573 582 574 554 728 364 39 941 821 528 164 107 934 
72 125 785 253 878 574 626 321 755 545 904 837 864 518 167 395 272 796 144 500 119 522 295 890 705 659 468 844 737 236 27 160 360 163 765 590 736 390 910 843 934 813 679 150 682 846 896 953 993 40 804 111 913 451 1 969 461 820 164 197 55 190 357 766 353 121 355 440 510 617 282 795 781 313 296 463 158 0 830 357 10 825 969 515 297 775 924 631 235 209 884 495 55 184 196 
192 767 502 583 923 964 847 373 964 816 185 135 979 382 189 521 90 307 873 562 661 664 423 629 946 569 410 258 865 872 767 56 990 268 638 912 231 484 636 547 651 821 681 982 554 222 502 995 528 726 556 540 389 330 169 686 898 578 295 762 801 61 169 790 680 158 54 263 994 689 809 644 861 841 977 766 414 830 0 930 261 242 896 523 293 83 89 233 17 266 158 990 845 460 568 
760 941 555 667 833 296 996 1 333 246 930 628 7 82 688 176 223 720 333 276 982 326 317 790 322 529 982 298 295 396 128 54 688 34 73 520 681 68 872 14 313 153 641 672 234 680 199 809 399 531 84 380 209 752 521 882 281 855 531 927 602 10 332 289 44 404 161 76 824 384 441 488 537 81 159 122 113 357 930 0 958 326 755 369 691 390 735 466 60 293 186 898 428 452 353 
511 240 366 243 800 469 763 681 101 969 211 27 570 221 359 859 616 114 371 43 937 754 484 777 642 916 935 764 28 644 45 891 235 762 133 34 231 247 66 331 216 628 358 785 200 68 995 167 533 365 562 822 471 45 598 464 960 532 227 340 527 624 582 761 385 714 146 615 312 563 298 527 543 7 664 742 74 10 261 958 0 803 623 196 316 127 226 805 251 336 407 477 103 655 464 
375 822 779 197 866 376 660 177 260 239 868 138 214 449 899 598 514 396 565 826 959 862 704 501 868 367 594 293 377 854 602 103 27 381 651 244 108 662 773 719 900 640 857 113 441 107 63 954 502 627 131 812 840 835 312 59 553 258 703 281 463 304 383 490 684 385 733 144 47 505 862 298 497 718 411 937 824 825 242 326 803 0 646 525 555 82 763 845 743 651 323 360 34 807 671 
373 489 642 207 153 52 111 410 754 392 872 409 126 361 93 511 446 588 909 950 449 206 446 167 616 734 342 440 976 19 242 348 508 235 906 660 638 16 69 391 759 292 800 885 5 244 747 450 183 655 751 631 860 197 149 476 282 843 267 257 861 861 956 368 447 861 379 85 229 799 827 987 91 978 223 95 573 969 896 755 623 646 0 974 670 58 142 268 151 70 986 949 505 747 779 
386 483 842 886 310 476 728 928 732 589 788 688 308 587 900 39 671 480 837 849 819 927 827 41 373 751 362 268 506 984 914 243 818 107 128 127 582 208 55 666 148 194 705 807 780 956 845 802 436 682 651 606 608 829 646 333 579 359 600 436 695 865 678 512 972 158 991 905 365 45 922 864 590 626 670 722 582 515 523 369 196 525 974 0 468 742 145 197 538 879 22 342 896 674 814 
155 705 971 487 636 330 439 71 24 303 749 535 626 258 877 883 622 273 804 837 863 430 506 584 363 20 458 731 567 335 704 74 39 26 912 674 355 350 97 730 5 845 617 982 102 493 216 75 766 20 911 980 801 768 915 515 140 372 245 706 58 300 779 97 677 691 122 384 392 218 113 748 414 81 730 867 574 297 293 691 316 555 670 468 0 921 36 386 173 905 100 143 691 349 194 
323 584 982 814 307 578 519 365 229 650 813 906 692 286 289 435 856 753 183 269 834 264 488 407 560 780 449 228 335 118 47 9 53 381 822 711 958 692 427 187 693 239 444 384 877 732 819 732 484 1 1000 317 616 487 75 175 619 875 754 305 992 801 313 396 181 486 459 490 529 885 28 222 124 471 605 1000 554 775 83 390 127 82 58 742 921 0 725 211 425 226 222 314 736 737 300 
133 269 539 7 22 195 351 174 859 98 354 344 556 844 872 441 871 445 916 694 50 267 247 824 349 636 951 782 694 44 702 178 312 592 536 686 786 238 859 644 336 213 339 243 408 563 35 630 7 302 675 56 568 922 232 268 909 534 50 954 929 103 483 241 47 371 926 832 608 136 828 295 700 166 890 107 728 924 89 735 226 763 142 145 36 725 0 595 254 579 152 465 928 626 519 
413 297 610 814 602 539 268 85 131 314 807 408 498 766 543 325 413 243 490 302 701 570 577 789 656 154 904 149 299 291 226 63 587 835 228 189 725 495 625 207 161 783 614 658 548 509 982 960 751 823 613 803 392 190 944 47 343 847 548 993 137 773 407 76 959 634 264 684 481 240 890 993 22 856 650 921 364 631 233 466 805 845 268 197 386 211 595 0 503 528 367 791 481 364 854 
729 409 494 73 546 266 832 621 225 817 236 260 297 827 149 641 200 356 290 472 719 272 704 184 77 549 804 625 934 14 571 14 423 65 439 320 330 270 292 906 86 879 165 735 705 314 375 256 21 665 727 740 288 431 275 364 331 78 988 264 444 559 630 866 975 68 537 304 689 828 210 774 706 374 860 762 39 235 17 60 251 743 151 538 173 425 254 503 0 947 798 213 937 902 171 
855 241 119 298 151 100 515 125 167 51 781 207 230 342 332 287 67 192 48 106 426 64 517 28 158 19 565 683 795 818 185 649 411 655 946 913 754 460 390 272 862 170 478 443 863 810 729 929 1 776 386 778 191 254 805 349 272 721 31 67 539 567 715 301 574 13 213 327 824 954 951 686 475 780 480 337 941 209 266 293 336 651 70 879 905 226 579 528 947 0 21 347 342 150 431 
609 594 837 527 661 137 100 673 701 779 496 655 729 533 129 860 13 818 801 573 83 93 260 85 163 138 341 740 716 221 686 676 814 874 203 826 10 654 498 63 432 346 69 512 230 549 372 594 366 172 166 800 264 426 885 778 915 577 518 631 797 555 306 963 429 860 788 790 866 638 852 649 983 272 513 564 821 884 158 186 407 323 986 22 100 222 152 367 798 21 0 22 615 195 197 
997 947 575 654 909 355 866 48 497 731 685 700 379 19 972 891 583 792 126 740 977 884 414 314 258 866 535 409 232 685 429 580 631 355 585 891 62 450 938 558 532 975 609 263 993 580 505 927 371 631 18 700 866 432 13 123 649 900 531 880 584 311 811 566 18 395 456 79 845 745 988 728 719 596 990 64 528 495 990 898 477 360 949 342 143 314 465 791 213 347 22 0 807 857 247 
796 10 832 361 27 578 168 457 774 912 796 502 631 391 491 46 270 985 387 168 461 746 468 155 888 781 971 30 345 317 51 140 678 234 852 56 812 19 512 585 283 307 86 265 50 929 310 319 265 696 838 726 794 658 880 33 438 202 63 783 518 465 274 548 699 478 603 862 848 115 798 130 773 236 394 174 164 55 845 428 103 34 505 896 691 736 928 481 937 342 615 807 0 348 546 
807 240 354 857 717 956 718 565 422 515 46 547 750 440 72 265 846 916 693 948 302 197 195 344 933 475 824 221 816 790 27 622 382 380 478 98 336 547 14 109 62 60 655 163 851 727 428 48 994 120 996 295 668 190 639 952 16 814 173 832 956 199 805 337 579 635 786 266 181 800 374 594 211 381 757 413 107 184 460 452 655 807 747 674 349 737 626 364 902 150 195 857 348 0 222 
1000 545 278 986 331 895 166 482 621 760 692 1 516 456 459 51 915 910 57 74 8 730 422 96 355 785 998 504 332 206 204 683 751 833 668 433 728 185 914 348 944 605 700 811 412 158 861 678 67 269 751 427 999 524 522 705 661 519 561 992 77 764 26 179 948 45 611 27 229 524 726 173 480 425 983 891 934 196 568 353 464 671 779 814 194 300 519 854 171 431 197 247 546 222 0 
34
55 38
61 70
95 90
65 75
29 69
37 66
81 45
53 73
82 84
30 40
47 14
65 62
22 57
7 19
43 7
57 94
45 23
68 41
14 37
20 42
7 53
9 87
3 62
61 84
50 91
26 93
9 87
60 27
48 63
42 90
70 4
88 16
23 57
56 36
