96
0 214 571 732 798 316 245 931 476 682 558 994 589 748 631 799 813 313 618 807 839 359 405 718 883 113 24 525 93 968 720 305 449 424 564 109 924 237 386 247 133 358 425 291 865 685 642 999 692 453 576 974 541 997 734 643 538 813 666 686 909 477 759 436 296 358 261 228 915 118 508 689 717 141 479 598 621 767 77 455 289 125 434 951 67 407 144 788 417 468 96 428 818 639 461 361 
214 0 90 164 954 714 133 882 159 922 985 442 260 673 373 714 409 362 959 890 855 935 217 772 219 762 857 209 341 91 109 471 791 245 250 283 558 167 750 466 811 638 631 813 467 884 840 411 575 704 187 408 548 288 675 606 700 998 543 361 681 741 970 475 578 131 787 331 48 747 562 106 657 637 452 684 210 687 410 471 493 308 100 176 432 55 122 978 942 978 129 554 867 859 758 734 
571 90 0 47 662 889 492 112 843 550 88 402 4 992 561 148 303 586 984 997 873 636 635 281 491 642 922 376 34 384 159 689 152 365 435 741 882 270 754 233 736 572 146 653 713 134 208 993 49 274 544 727 817 917 14 907 461 760 533 555 945 196 498 794 5 788 650 917 948 502 14 292 979 150 98 123 221 582 849 26 366 147 564 776 395 367 61 946 622 72 570 793 547 730 446 213 
732 164 47 0 579 739 77 651 689 695 402 750 138 176 975 730 537 394 895 673 815 261 941 19 827 632 487 558 9 412 163 463 264 550 927 472 608 622 827 40 793 27 438 512 379 557 560 971 823 634 686 43 420 603 614 101 781 91 752 304 196 838 544 964 682 912 240 404 471 990 677 491 600 368 635 19 73 589 955 934 305 672 653 776 790 415 839 641 830 54 342 943 182 314 204 416 
798 954 662 579 0 150 989 781 81 501 61 270 954 763 951 814 321 175 798 932 613 920 577 847 455 940 224 571 865 783 492 633 775 279 502 963 711 553 520 528 319 239 960 936 601 618 395 232 876 40 642 962 499 592 800 734 575 970 14 16 491 564 314 967 982 223 510 771 865 981 467 162 861 669 224 981 9 937 261 682 205 393 194 213 836 339 510 710 540 780 108 813 18 184 531 703 
316 714 889 739 150 0 338 848 284 865 428 561 856 983 642 820 277 757 298 519 346 496 182 971 872 225 121 751 594 770 570 532 683 363 244 147 982 309 637 49 822 894 913 752 224 709 2 212 521 643 573 946 497 930 766 426 894 758 559 317 169 360 79 803 93 855 732 488 171 411 905 905 870 324 753 275 422 992 599 59 892 941 458 731 196 883 239 890 428 505 621 351 727 590 110 794 
245 133 492 77 989 338 0 756 773 409 91 944 354 189 563 722 487 467 734 67 86 122 408 481 573 224 951 414 385 420 945 384 647 253 12 566 825 749 166 274 403 248 557 57 227 597 464 176 990 596 141 319 489 598 968 320 575 258 835 454 435 41 40 884 927 940 302 473 458 490 856 165 3 189 238 715 437 103 589 344 49 449 85 562 882 944 84 715 148 790 108 446 728 392 423 139 
931 882 112 651 781 848 756 0 244 741 992 310 362 317 210 341 314 515 845 927 810 537 455 52 482 175 337 844 774 647 613 929 703 810 680 684 28 79 566 711 457 871 894 848 156 351 125 798 371 262 573 801 614 95 341 283 741 344 243 422 669 555 50 508 467 583 155 88 187 187 499 911 774 971 246 382 709 376 350 620 334 178 286 989 979 697 865 479 378 565 133 62 41 622 983 517 
476 159 843 689 81 284 773 244 0 956 662 993 596 329 997 934 840 42 608 129 482 249 499 378 590 443 763 237 517 715 341 145 179 86 407 801 386 329 440 317 826 128 684 800 723 360 350 662 604 954 921 846 136 8 713 679 932 217 675 91 709 958 566 377 827 485 533 587 85 760 25 391 142 301 393 795 288 643 69 254 421 32 301 55 529 642 618 360 555 781 43 358 857 740 405 615 
682 922 550 695 501 865 409 741 956 0 203 227 309 630 700 56 48 523 624 970 718 131 154 238 696 66 582 989 135 156 944 725 723 827 95 101 35 441 222 306 107 3 896 628 393 669 578 614 770 702 588 684 481 675 671 566 627 206 240 514 831 912 845 647 916 380 368 645 546 593 951 315 235 138 12 740 478 565 667 662 902 771 29 43 5 58 285 72 363 568 252 397 867 376 494 387 
558 985 88 402 61 428 91 992 662 203 0 82 272 719 163 529 311 395 407 891 943 802 814 620 762 1 628 965 539 772 328 872 575 811 370 866 40 771 793 417 240 26 585 553 983 667 255 173 20 672 189 495 681 489 521 846 710 941 230 14 619 607 345 745 211 275 542 531 176 831 582 500 100 432 582 305 169 413 408 595 640 183 149 837 813 858 555 124 519 406 291 80 295 40 154 625 
994 442 402 750 270 561 944 310 993 227 82 0 580 78 852 251 891 644 121 903 12 440 785 12 960 249 339 188 360 231 497 824 2 732 303 318 776 883 63 661 868 309 424 786 997 190 54 716 351 751 260 32 748 634 577 544 704 568 48 108 340 738 660 611 61 367 527 79 391 360 204 985 842 756 701 289 505 356 262 132 175 621 283 532 216 37 965 864 894 751 400 854 629 474 98 42 
589 260 4 138 954 856 354 362 596 309 272 580 0 251 406 384 563 258 272 634 876 337 789 530 543 938 157 677 372 291 715 573 295 339 535 53 175 340 816 509 670 21 586 798 836 829 327 951 546 505 357 977 233 271 976 611 104 79 988 600 92 401 387 149 334 4 529 505 278 698 704 32 676 629 977 721 964 775 526 821 382 724 315 21 288 252 428 654 839 413 904 694 680 896 663 967 
748 673 992 176 763 983 189 317 329 630 719 78 251 0 877 158 514 552 197 860 185 27 426 196 732 925 802 79 527 310 558 587 161 897 182 211 668 46 883 735 602 13 547 782 994 412 178 545 294 569 609 727 826 655 292 526 999 982 137 846 231 998 744 725 254 391 751 340 621 659 969 27 498 787 749 988 490 465 978 517 710 694 442 672 464 711 814 80 791 563 853 510 280 117 512 46 
631 373 561 975 951 642 563 210 997 700 163 852 406 877 0 321 296 964 785 861 9 254 705 545 793 730 781 121 676 591 139 381 735 441 518 661 341 804 831 259 971 330 870 950 252 997 449 202 211 591 653 114 403 109 721 729 110 203 979 707 430 609 752 596 185 194 126 102 440 128 224 291 534 632 160 328 170 37 183 782 958 553 252 464 822 616 575 915 508 777 449 592 439 422 668 391 
799 714 148 730 814 820 722 341 934 56 529 251 384 158 321 0 439 423 633 617 548 302 636 938 946 879 575 304 911 14 25 63 709 813 601 391 340 704 269 139 870 768 124 162 153 408 708 653 969 883 399 954 946 364 230 348 260 579 28 382 601 473 889 891 424 392 394 316 603 230 694 873 751 694 19 775 443 429 826 898 608 377 612 339 108 405 914 373 998 195 168 649 378 92 670 220 
813 409 303 537 321 277 487 314 840 48 311 891 563 514 296 439 0 312 782 754 468 724 547 2 461 621 155 417 203 188 148 611 123 863 994 141 203 876 32 5 632 768 99 782 520 194 433 206 331 866 14 600 268 660 510 566 853 381 612 664 40 170 616 25 945 471 689 393 86 565 521 357 595 244 428 32 135 489 827 853 921 721 205 303 494 532 635 633 319 281 584 556 939 582 285 63 
313 362 586 394 175 757 467 515 42 523 395 644 258 552 964 423 312 0 531 10 879 339 593 395 30 491 381 278 754 266 504 881 615 66 343 629 900 271 707 353 235 582 193 160 735 567 880 878 767 254 86 416 729 846 225 584 361 541 636 442 226 433 365 649 764 254 367 941 900 700 125 382 271 95 885 932 192 657 870 53 705 383 798 637 687 907 153 123 259 698 754 19 935 875 283 484 
618 959 984 895 798 298 734 845 608 624 407 121 272 197 785 633 782 531 0 914 966 463 237 443 565 838 512 458 31 924 212 566 274 460 987 566 276 243 992 432 755 419 560 497 224 204 620 210 65 135 435 424 811 239 159 605 311 534 50 493 195 937 824 456 614 57 179 105 651 708 489 477 804 899 925 588 512 87 852 902 317 620 722 633 223 875 247 249 197 57 467 373 518 548 118 220 
807 890 997 673 932 519 67 927 129 970 891 903 634 860 861 617 754 10 914 0 394 205 30 167 472 515 79 549 506 390 766 174 648 826 931 166 570 91 204 43 804 987 49 556 41 795 470 779 952 684 15 398 203 146 216 887 21 130 641 862 513 567 776 749 234 377 600 391 832 659 756 414 128 634 754 266 842 705 543 863 333 608 320 679 649 485 54 913 533 715 677 802 643 954 780 149 
839 855 873 815 613 346 86 810 482 718 943 12 876 185 9 548 468 879 966 394 0 408 746 179 911 574 110 204 522 372 779 646 612 387 617 536 13 769 966 564 829 692 220 147 382 553 868 949 182 905 133 342 738 967 714 766 489 340 575 140 463 452 896 598 926 642 245 594 169 304 216 428 455 172 368 551 693 936 908 895 759 796 304 729 297 125 655 599 413 215 594 592 842 475 123 137 
359 935 636 261 920 496 122 537 249 131 802 440 337 27 254 302 724 339 463 205 408 0 676 583 112 630 390 612 660 306 954 696 321 586 824 208 479 454 599 363 667 741 706 815 652 378 854 472 337 110 776 834 170 566 710 505 90 100 452 592 282 912 562 583 826 569 464 20 75 841 938 858 479 962 329 314 542 405 299 69 426 874 62 108 166 949 842 153 457 668 203 36 253 809 817 557 
405 217 635 941 577 182 408 455 499 154 814 785 789 426 705 636 547 593 237 30 746 676 0 593 368 460 51 929 315 248 137 127 127 274 673 585 468 798 279 103 988 691 635 476 73 996 567 816 370 456 718 383 521 865 928 576 184 731 210 462 199 426 848 671 624 622 978 413 727 885 713 73 192 316 522 325 241 887 931 543 549 312 968 433 245 384 686 129 713 179 542 276 983 540 886 754 
718 772 281 19 847 971 481 52 378 238 620 12 530 196 545 938 2 395 443 167 179 583 593 0 200 34 952 715 422 245 84 134 97 838 556 15 188 877 919 848 670 611 170 923 964 114 451 496 611 30 202 880 723 913 312 530 534 851 47 478 191 751 853 751 200 286 241 723 452 166 125 640 895 191 624 760 596 368 376 376 782 80 391 758 674 795 485 32 742 171 36 905 843 910 449 535 
883 219 491 827 455 872 573 482 590 696 762 960 543 732 793 946 461 30 565 472 911 112 368 200 0 11 579 42 863 966 553 779 100 743 643 114 863 724 95 679 396 446 878 444 478 779 87 732 871 456 867 600 607 944 624 915 805 976 335 264 959 438 51 760 987 149 816 930 948 883 453 635 421 832 605 352 895 445 458 418 879 665 708 149 750 733 878 293 378 208 238 488 211 717 834 32 
113 762 642 632 940 225 224 175 443 66 1 249 938 925 730 879 621 491 838 515 574 630 460 34 11 0 565 390 926 562 733 679 157 940 420 203 147 172 294 913 404 187 812 660 161 705 23 781 312 579 925 329 305 529 651 193 303 705 823 513 346 179 356 949 610 468 775 457 189 159 434 995 574 152 409 446 64 322 205 4 350 510 843 521 325 370 141 584 124 734 196 519 568 846 802 880 
24 857 922 487 224 121 951 337 763 582 628 339 157 802 781 575 155 381 512 79 110 390 51 952 579 565 0 456 702 19 401 218 666 468 480 547 859 260 38 886 253 201 13 256 746 398 703 297 755 349 840 718 13 774 107 451 114 202 618 25 748 713 341 244 717 119 25 674 681 332 411 695 751 375 193 158 750 76 685 109 297 648 610 334 473 603 518 124 546 376 258 993 776 393 652 245 
525 209 376 558 571 751 414 844 237 989 965 188 677 79 121 304 417 278 458 549 204 612 929 715 42 390 456 0 929 180 114 180 631 395 555 824 708 255 860 173 652 324 649 966 808 924 337 396 58 96 901 116 644 401 128 891 638 645 949 983 252 660 604 892 250 67 124 798 303 486 727 274 885 865 722 448 15 78 36 826 546 950 388 18 317 802 544 972 465 95 798 670 557 399 568 250 
93 341 34 9 865 594 385 774 517 135 539 360 372 527 676 911 203 754 31 506 522 660 315 422 863 926 702 929 0 840 751 145 301 573 267 385 108 76 931 243 220 437 211 527 228 396 21 425 798 617 366 288 503 355 520 524 279 863 639 250 357 327 524 103 837 67 347 15 781 950 955 788 790 267 361 642 616 161 842 225 868 865 369 388 169 444 543 767 246 824 200 431 37 782 605 221 
968 91 384 412 783 770 420 647 715 156 772 231 291 310 591 14 188 266 924 390 372 306 248 245 966 562 19 180 840 0 581 969 634 561 180 328 271 602 709 912 758 950 336 483 431 30 486 275 452 987 343 993 727 541 220 82 972 735 868 99 329 927 155 243 691 84 23 449 258 371 131 799 933 864 565 676 92 377 301 276 499 419 695 180 372 198 53 264 858 911 698 112 662 314 695 153 
720 109 159 163 492 570 945 613 341 944 328 497 715 558 139 25 148 504 212 766 779 954 137 84 553 733 401 114 751 581 0 112 94 848 711 320 23 145 285 184 971 676 775 72 571 904 351 861 898 418 187 67 77 596 198 795 647 119 619 670 527 239 83 458 754 605 823 215 910 172 251 624 614 943 760 654 973 794 421 765 631 139 73 32 891 969 223 25 657 451 556 379 75 165 535 331 
305 471 689 463 633 532 384 929 145 725 872 824 573 587 381 63 611 881 566 174 646 696 127 134 779 679 218 180 145 969 112 0 102 349 831 493 384 664 317 841 352 794 636 169 445 80 662 423 489 69 941 613 395 351 253 166 168 675 304 936 617 156 282 538 133 777 607 594 48 67 815 828 858 407 839 591 588 279 918 679 508 990 803 691 587 202 686 906 15 291 648 858 854 420 417 933 
449 791 152 264 775 683 647 703 179 723 575 2 295 161 735 709 123 615 274 648 612 321 127 97 100 157 666 631 301 634 94 102 0 157 430 610 180 120 811 378 920 587 318 296 250 913 325 38 378 42 881 401 626 829 894 687 23 84 410 811 9 667 476 69 268 215 162 131 305 117 44 904 942 500 16 360 653 415 62 747 343 79 147 355 155 605 174 242 151 240 179 665 529 172 804 238 
424 245 365 550 279 363 253 810 86 827 811 732 339 897 441 813 863 66 460 826 387 586 274 838 743 940 468 395 573 561 848 349 157 0 145 412 904 766 39 417 706 599 920 76 635 37 558 205 946 43 730 146 245 864 563 701 459 230 151 225 472 786 580 603 759 392 473 484 210 673 264 267 944 444 209 128 193 727 621 790 348 637 988 808 285 335 283 971 631 874 125 171 973 246 980 895 
564 250 435 927 502 244 12 680 407 95 370 303 535 182 518 601 994 343 987 931 617 824 673 556 643 420 480 555 267 180 711 831 430 145 0 964 343 638 143 232 497 173 425 681 175 636 222 745 663 54 978 656 166 306 866 618 948 117 407 239 813 993 177 853 814 688 198 998 518 408 843 319 457 774 826 609 660 867 224 612 164 13 455 818 728 969 877 546 196 344 989 801 35 734 973 701 
109 283 741 472 963 147 566 684 801 101 866 318 53 211 661 391 141 629 566 166 536 208 585 15 114 203 547 824 385 328 320 493 610 412 964 0 890 672 330 257 590 178 278 583 850 883 72 269 253 434 874 362 124 772 694 772 598 53 775 826 852 582 141 387 250 789 671 253 522 449 510 65 154 520 591 692 661 351 322 780 547 471 340 568 990 943 683 303 690 20 638 830 546 707 334 940 
924 558 882 608 711 982 825 28 386 35 40 776 175 668 341 340 203 900 276 570 13 479 468 188 863 147 859 708 108 271 23 384 180 904 343 890 0 74 675 465 527 844 833 827 210 746 911 416 818 685 303 91 741 145 329 126 352 988 709 541 992 497 658 405 203 599 556 971 732 83 520 523 813 767 314 754 614 718 572 201 239 577 445 538 833 218 521 212 410 378 97 522 51 187 441 689 
237 167 270 622 553 309 749 79 329 441 771 883 340 46 804 704 876 271 243 91 769 454 798 877 724 172 260 255 76 602 145 664 120 766 638 672 74 0 660 506 899 420 981 89 401 584 37 921 652 2 471 974 654 903 834 290 522 374 241 45 599 385 568 736 93 980 500 822 975 898 699 835 811 962 63 324 449 322 164 308 213 461 891 380 961 912 312 261 343 485 96 598 762 125 747 191 
386 750 754 827 520 637 166 566 440 222 793 63 816 883 831 269 32 707 992 204 966 599 279 919 95 294 38 860 931 709 285 317 811 39 143 330 675 660 0 967 398 48 171 782 357 233 196 419 976 47 446 514 738 866 386 55 690 749 18 599 872 136 190 894 68 371 177 341 708 987 360 975 927 490 837 73 722 78 671 752 232 1000 977 908 968 991 548 781 68 584 770 243 938 680 668 809 
247 466 233 40 528 49 274 711 317 306 417 661 509 735 259 139 5 353 432 43 564 363 103 848 679 913 886 173 243 912 184 841 378 417 232 257 465 506 967 0 352 323 868 978 284 457 260 429 421 990 575 936 876 153 41 156 284 556 735 631 701 454 223 134 29 83 440 557 816 194 896 914 954 67 58 548 901 712 640 454 12 609 745 944 361 211 490 923 964 158 491 879 908 927 845 655 
133 811 736 793 319 822 403 457 826 107 240 868 670 602 971 870 632 235 755 804 829 667 988 670 396 404 253 652 220 758 971 352 920 706 497 590 527 899 398 352 0 774 876 68 794 252 614 534 774 703 58 10 135 929 856 855 500 579 480 910 429 296 764 735 8 711 219 466 872 842 1 501 45 451 75 415 278 886 182 969 114 231 919 422 965 969 597 684 705 53 699 994 629 852 240 578 
358 638 572 27 239 894 248 871 128 3 26 309 21 13 330 768 768 582 419 987 692 741 691 611 446 187 201 324 437 950 676 794 587 599 173 178 844 420 48 323 774 0 107 334 692 899 450 591 995 718 986 360 770 707 258 252 399 689 599 613 490 95 886 990 278 646 70 223 235 170 294 827 26 922 770 730 242 491 430 346 871 182 478 745 780 848 454 256 938 341 61 674 584 719 174 433 
425 631 146 438 960 913 557 894 684 896 585 424 586 547 870 124 99 193 560 49 220 706 635 170 878 812 13 649 211 336 775 636 318 920 425 278 833 981 171 868 876 107 0 764 281 646 313 145 124 92 186 319 976 138 969 700 339 475 782 739 392 543 883 744 89 449 966 635 558 553 451 250 148 174 758 189 406 420 901 585 186 229 379 828 928 599 454 786 210 260 242 732 536 752 295 696 
291 813 653 512 936 752 57 848 800 628 553 786 798 782 950 162 782 160 497 556 147 815 476 923 444 660 256 966 527 483 72 169 296 76 681 583 827 89 782 978 68 334 764 0 981 432 292 836 319 208 767 986 719 200 183 817 956 658 819 510 872 48 502 883 341 67 748 322 149 540 57 532 72 80 403 488 593 12 707 790 847 307 585 442 252 572 376 337 895 817 955 39 660 747 902 896 
865 467 713 379 601 224 227 156 723 393 983 997 836 994 252 153 520 735 224 41 382 652 73 964 478 161 746 808 228 431 571 445 250 635 175 850 210 401 357 284 794 692 281 981 0 662 979 487 640 638 594 86 595 713 549 777 398 671 736 458 721 92 981 66 531 388 820 563 207 180 262 853 876 60 518 69 732 307 408 214 932 228 919 768 595 911 620 335 728 256 265 535 215 835 685 831 
685 884 134 557 618 709 597 351 360 669 667 190 829 412 997 408 194 567 204 795 553 378 996 114 779 705 398 924 396 30 904 80 913 37 636 883 746 584 233 457 252 899 646 432 662 0 113 346 686 682 839 432 378 598 690 780 448 678 760 445 821 151 986 692 273 643 92 89 349 33 674 540 33 157 917 868 927 808 435 366 495 133 631 643 101 214 380 52 69 36 690 323 326 173 962 438 
642 840 208 560 395 2 464 125 350 578 255 54 327 178 449 708 433 880 620 470 868 854 567 451 87 23 703 337 21 486 351 662 325 558 222 72 911 37 196 260 614 450 313 292 979 113 0 488 639 90 165 939 665 915 412 164 215 588 199 243 473 873 391 773 116 810 493 990 104 121 750 404 823 773 421 262 387 792 532 39 806 35 549 132 711 977 289 61 244 364 122 687 389 191 923 115 
999 411 993 971 232 212 176 798 662 614 173 716 951 545 202 653 206 878 210 779 949 472 816 496 732 781 297 396 425 275 861 423 38 205 745 269 416 921 419 429 534 591 145 836 487 346 488 0 323 504 960 37 862 372 410 694 602 403 347 473 112 614 949 91 476 858 861 307 645 744 135 561 470 304 297 100 218 795 234 67 853 948 476 71 88 442 606 967 398 536 200 442 154 417 969 245 
692 575 49 823 876 521 990 371 604 770 20 351 546 294 211 969 331 767 65 952 182 337 370 611 871 312 755 58 798 452 898 489 378 946 663 253 818 652 976 421 774 995 124 319 640 686 639 323 0 287 924 199 106 796 266 364 160 570 747 238 46 936 702 692 388 248 810 381 249 732 151 921 303 252 153 799 471 464 304 771 552 867 780 279 139 472 885 175 679 86 795 693 260 399 244 921 
453 704 274 634 40 643 596 262 954 702 672 751 505 569 591 883 866 254 135 684 905 110 456 30 456 579 349 96 617 987 418 69 42 43 54 434 685 2 47 990 703 718 92 208 638 682 90 504 287 0 952 715 475 505 922 120 877 473 248 87 19 809 566 228 81 866 24 94 106 828 238 880 626 671 345 202 898 878 735 292 122 654 270 116 934 203 535 310 441 772 588 59 907 90 393 334 
576 187 544 686 642 573 141 573 921 588 189 260 357 609 653 399 14 86 435 15 133 776 718 202 867 925 840 901 366 343 187 941 881 730 978 874 303 471 446 575 58 986 186 767 594 839 165 960 924 952 0 434 416 518 625 580 623 532 987 687 976 180 724 191 61 587 460 697 476 754 242 327 949 289 50 365 59 851 128 281 537 908 795 749 736 278 660 879 930 251 877 244 148 722 100 393 
974 408 727 43 962 946 319 801 846 684 495 32 977 727 114 954 600 416 424 398 342 834 383 880 600 329 718 116 288 993 67 613 401 146 656 362 91 974 514 936 10 360 319 986 86 432 939 37 199 715 434 0 195 762 980 481 1000 262 321 729 860 387 949 289 314 241 54 326 769 388 366 701 110 423 520 349 163 751 212 665 310 663 84 360 435 596 539 125 91 652 388 637 454 873 719 57 
541 548 817 420 499 497 489 614 136 481 681 748 233 826 403 946 268 729 811 203 738 170 521 723 607 305 13 644 503 727 77 395 626 245 166 124 741 654 738 876 135 770 976 719 595 378 665 862 106 475 416 195 0 71 631 624 318 572 52 678 300 720 128 163 907 786 487 466 180 668 527 90 456 984 26 515 440 283 34 360 547 879 331 223 99 503 728 814 249 439 790 94 511 251 561 890 
997 288 917 603 592 930 598 95 8 675 489 634 271 655 109 364 660 846 239 146 967 566 865 913 944 529 774 401 355 541 596 351 829 864 306 772 145 903 866 153 929 707 138 200 713 598 915 372 796 505 518 762 71 0 904 507 158 614 548 148 174 958 571 861 36 560 790 109 555 638 955 399 140 956 924 689 299 738 411 175 85 219 762 533 333 661 697 360 995 781 770 871 483 261 986 498 
734 675 14 614 800 766 968 341 713 671 521 577 976 292 721 230 510 225 159 216 714 710 928 312 624 651 107 128 520 220 198 253 894 563 866 694 329 834 386 41 856 258 969 183 549 690 412 410 266 922 625 980 631 904 0 10 533 464 719 206 402 489 802 39 513 879 646 48 573 553 842 692 356 965 143 461 110 118 587 393 443 94 474 469 460 742 24 508 832 822 775 893 296 134 519 591 
643 606 907 101 734 426 320 283 679 566 846 544 611 526 729 348 566 584 605 887 766 505 576 530 915 193 451 891 524 82 795 166 687 701 618 772 126 290 55 156 855 252 700 817 777 780 164 694 364 120 580 481 624 507 10 0 123 899 386 942 611 509 178 274 893 934 654 395 479 902 979 76 876 816 982 866 686 79 843 130 426 543 38 724 200 235 606 107 979 998 379 581 721 967 394 922 
538 700 461 781 575 894 575 741 932 627 710 704 104 999 110 260 853 361 311 21 489 90 184 534 805 303 114 638 279 972 647 168 23 459 948 598 352 522 690 284 500 399 339 956 398 448 215 602 160 877 623 1000 318 158 533 123 0 319 723 660 871 136 279 162 645 379 564 918 743 796 740 746 713 460 332 487 714 59 967 530 434 81 956 405 657 383 190 295 470 866 317 390 50 458 787 377 
813 998 760 91 970 758 258 344 217 206 941 568 79 982 203 579 381 541 534 130 340 100 731 851 976 705 202 645 863 735 119 675 84 230 117 53 988 374 749 556 579 689 475 658 671 678 588 403 570 473 532 262 572 614 464 899 319 0 336 582 149 202 494 634 229 997 671 73 253 884 252 386 458 691 688 970 211 194 623 853 740 93 435 802 284 696 893 983 730 550 33 885 423 527 170 187 
666 543 533 752 14 559 835 243 675 240 230 48 988 137 979 28 612 636 50 641 575 452 210 47 335 823 618 949 639 868 619 304 410 151 407 775 709 241 18 735 480 599 782 819 736 760 199 347 747 248 987 321 52 548 719 386 723 336 0 276 862 169 781 166 495 352 777 544 781 739 58 701 112 680 703 666 700 508 879 955 971 844 425 741 517 388 501 430 443 444 176 602 278 718 313 523 
686 361 555 304 16 317 454 422 91 514 14 108 600 846 707 382 664 442 493 862 140 592 462 478 264 513 25 983 250 99 670 936 811 225 239 826 541 45 599 631 910 613 739 510 458 445 243 473 238 87 687 729 678 148 206 942 660 582 276 0 579 815 802 264 482 445 910 284 875 97 47 533 854 726 44 128 329 219 808 754 653 945 324 792 177 826 732 61 716 689 517 172 86 239 743 950 
909 681 945 196 491 169 435 669 709 831 619 340 92 231 430 601 40 226 195 513 463 282 199 191 959 346 748 252 357 329 527 617 9 472 813 852 992 599 872 701 429 490 392 872 721 821 473 112 46 19 976 860 300 174 402 611 871 149 862 579 0 480 1000 876 919 433 45 873 510 606 382 185 390 906 252 645 654 922 923 129 590 864 481 981 7 246 945 246 587 460 82 349 84 192 216 339 
477 741 196 838 564 360 41 555 958 912 607 738 401 998 609 473 170 433 937 567 452 912 426 751 438 179 713 660 327 927 239 156 667 786 993 582 497 385 136 454 296 95 543 48 92 151 873 614 936 809 180 387 720 958 489 509 136 202 169 815 480 0 215 623 248 957 952 110 43 910 308 324 77 974 814 671 25 301 299 71 954 982 849 124 759 356 75 454 451 894 83 981 704 882 847 206 
759 970 498 544 314 79 40 50 566 845 345 660 387 744 752 889 616 365 824 776 896 562 848 853 51 356 341 604 524 155 83 282 476 580 177 141 658 568 190 223 764 886 883 502 981 986 391 949 702 566 724 949 128 571 802 178 279 494 781 802 1000 215 0 153 966 221 869 877 922 516 861 713 63 132 883 718 269 498 77 432 512 934 126 482 115 380 418 319 82 979 164 29 939 659 512 882 
436 475 794 964 967 803 884 508 377 647 745 611 149 725 596 891 25 649 456 749 598 583 671 751 760 949 244 892 103 243 458 538 69 603 853 387 405 736 894 134 735 990 744 883 66 692 773 91 692 228 191 289 163 861 39 274 162 634 166 264 876 623 153 0 187 999 206 4 167 722 778 440 331 405 620 356 307 336 985 227 932 942 627 688 161 850 118 487 737 52 260 365 964 715 19 928 
296 578 5 682 982 93 927 467 827 916 211 61 334 254 185 424 945 764 614 234 926 826 624 200 987 610 717 250 837 691 754 133 268 759 814 250 203 93 68 29 8 278 89 341 531 273 116 476 388 81 61 314 907 36 513 893 645 229 495 482 919 248 966 187 0 700 776 593 604 934 923 942 20 417 374 150 217 27 272 860 653 618 836 931 396 691 358 776 433 767 559 151 676 479 178 100 
358 131 788 912 223 855 940 583 485 380 275 367 4 391 194 392 471 254 57 377 642 569 622 286 149 468 119 67 67 84 605 777 215 392 688 789 599 980 371 83 711 646 449 67 388 643 810 858 248 866 587 241 786 560 879 934 379 997 352 445 433 957 221 999 700 0 66 226 792 923 703 383 871 257 708 679 280 716 653 396 676 298 932 652 842 348 294 864 277 674 504 181 325 744 484 582 
261 787 650 240 510 732 302 155 533 368 542 527 529 751 126 394 689 367 179 600 245 464 978 241 816 775 25 124 347 23 823 607 162 473 198 671 556 500 177 440 219 70 966 748 820 92 493 861 810 24 460 54 487 790 646 654 564 671 777 910 45 952 869 206 776 66 0 608 688 522 287 505 837 924 210 47 319 39 658 358 831 764 318 607 502 144 153 141 427 423 897 546 861 422 704 868 
228 331 917 404 771 488 473 88 587 645 531 79 505 340 102 316 393 941 105 391 594 20 413 723 930 457 674 798 15 449 215 594 131 484 998 253 971 822 341 557 466 223 635 322 563 89 990 307 381 94 697 326 466 109 48 395 918 73 544 284 873 110 877 4 593 226 608 0 335 369 794 465 184 535 39 903 831 96 843 412 892 547 280 821 228 260 230 340 842 144 655 24 726 665 618 140 
915 48 948 471 865 171 458 187 85 546 176 391 278 621 440 603 86 900 651 832 169 75 727 452 948 189 681 303 781 258 910 48 305 210 518 522 732 975 708 816 872 235 558 149 207 349 104 645 249 106 476 769 180 555 573 479 743 253 781 875 510 43 922 167 604 792 688 335 0 172 753 217 682 570 122 354 80 37 816 55 888 758 822 31 154 259 605 476 971 159 599 779 87 868 230 773 
118 747 502 990 981 411 490 187 760 593 831 360 698 659 128 230 565 700 708 659 304 841 885 166 883 159 332 486 950 371 172 67 117 673 408 449 83 898 987 194 842 170 553 540 180 33 121 744 732 828 754 388 668 638 553 902 796 884 739 97 606 910 516 722 934 923 522 369 172 0 999 831 763 766 398 472 40 468 681 109 62 763 295 514 822 134 52 273 846 358 19 788 799 101 724 676 
508 562 14 677 467 905 856 499 25 951 582 204 704 969 224 694 521 125 489 756 216 938 713 125 453 434 411 727 955 131 251 815 44 264 843 510 520 699 360 896 1 294 451 57 262 674 750 135 151 238 242 366 527 955 842 979 740 252 58 47 382 308 861 778 923 703 287 794 753 999 0 730 138 953 97 803 83 808 482 865 903 155 376 764 940 470 720 614 158 653 145 902 633 943 815 795 
689 106 292 491 162 905 165 911 391 315 500 985 32 27 291 873 357 382 477 414 428 858 73 640 635 995 695 274 788 799 624 828 904 267 319 65 523 835 975 914 501 827 250 532 853 540 404 561 921 880 327 701 90 399 692 76 746 386 701 533 185 324 713 440 942 383 505 465 217 831 730 0 78 21 196 120 709 274 350 23 353 989 93 804 471 579 553 160 27 563 298 772 67 719 822 350 
717 657 979 600 861 870 3 774 142 235 100 842 676 498 534 751 595 271 804 128 455 479 192 895 421 574 751 885 790 933 614 858 942 944 457 154 813 811 927 954 45 26 148 72 876 33 823 470 303 626 949 110 456 140 356 876 713 458 112 854 390 77 63 331 20 871 837 184 682 763 138 78 0 39 167 553 282 958 110 454 285 297 124 610 953 334 857 528 783 698 79 813 382 172 897 460 
141 637 150 368 669 324 189 971 301 138 432 756 629 787 632 694 244 95 899 634 172 962 316 191 832 152 375 865 267 864 943 407 500 444 774 520 767 962 490 67 451 922 174 80 60 157 773 304 252 671 289 423 984 956 965 816 460 691 680 726 906 974 132 405 417 257 924 535 570 766 953 21 39 0 206 343 840 579 382 801 440 735 755 943 219 68 525 400 367 912 738 986 520 694 109 842 
479 452 98 635 224 753 238 246 393 12 582 701 977 749 160 19 428 885 925 754 368 329 522 624 605 409 193 722 361 565 760 839 16 209 826 591 314 63 837 58 75 770 758 403 518 917 421 297 153 345 50 520 26 924 143 982 332 688 703 44 252 814 883 620 374 708 210 39 122 398 97 196 167 206 0 607 301 286 56 164 199 647 677 597 74 151 929 848 922 379 604 811 726 818 75 597 
598 684 123 19 981 275 715 382 795 740 305 289 721 988 328 775 32 932 588 266 551 314 325 760 352 446 158 448 642 676 654 591 360 128 609 692 754 324 73 548 415 730 189 488 69 868 262 100 799 202 365 349 515 689 461 866 487 970 666 128 645 671 718 356 150 679 47 903 354 472 803 120 553 343 607 0 365 616 869 668 568 876 42 378 548 244 476 863 510 953 695 347 949 6 581 642 
621 210 221 73 9 422 437 709 288 478 169 505 964 490 170 443 135 192 512 842 693 542 241 596 895 64 750 15 616 92 973 588 653 193 660 661 614 449 722 901 278 242 406 593 732 927 387 218 471 898 59 163 440 299 110 686 714 211 700 329 654 25 269 307 217 280 319 831 80 40 83 709 282 840 301 365 0 386 816 519 286 220 737 585 671 633 905 803 435 300 428 660 845 218 70 280 
767 687 582 589 937 992 103 376 643 565 413 356 775 465 37 429 489 657 87 705 936 405 887 368 445 322 76 78 161 377 794 279 415 727 867 351 718 322 78 712 886 491 420 12 307 808 792 795 464 878 851 751 283 738 118 79 59 194 508 219 922 301 498 336 27 716 39 96 37 468 808 274 958 579 286 616 386 0 940 202 4 681 225 729 785 479 217 261 165 742 725 497 466 8 350 712 
77 410 849 955 261 599 589 350 69 667 408 262 526 978 183 826 827 870 852 543 908 299 931 376 458 205 685 36 842 301 421 918 62 621 224 322 572 164 671 640 182 430 901 707 408 435 532 234 304 735 128 212 34 411 587 843 967 623 879 808 923 299 77 985 272 653 658 843 816 681 482 350 110 382 56 869 816 940 0 86 772 175 517 800 987 37 82 181 260 841 247 141 102 422 901 238 
455 471 26 934 682 59 344 620 254 662 595 132 821 517 782 898 853 53 902 863 895 69 543 376 418 4 109 826 225 276 765 679 747 790 612 780 201 308 752 454 969 346 585 790 214 366 39 67 771 292 281 665 360 175 393 130 530 853 955 754 129 71 432 227 860 396 358 412 55 109 865 23 454 801 164 668 519 202 86 0 837 86 868 216 809 104 789 329 113 385 574 353 457 616 665 200 
289 493 366 305 205 892 49 334 421 902 640 175 382 710 958 608 921 705 317 333 759 426 549 782 879 350 297 546 868 499 631 508 343 348 164 547 239 213 232 12 114 871 186 847 932 495 806 853 552 122 537 310 547 85 443 426 434 740 971 653 590 954 512 932 653 676 831 892 888 62 903 353 285 440 199 568 286 4 772 837 0 686 494 844 718 33 104 922 957 865 312 556 372 97 742 45 
125 308 147 672 393 941 449 178 32 771 183 621 724 694 553 377 721 383 620 608 796 874 312 80 665 510 648 950 865 419 139 990 79 637 13 471 577 461 1000 609 231 182 229 307 228 133 35 948 867 654 908 663 879 219 94 543 81 93 844 945 864 982 934 942 618 298 764 547 758 763 155 989 297 735 647 876 220 681 175 86 686 0 663 548 75 667 93 412 541 91 123 384 601 495 1 983 
434 100 564 653 194 458 85 286 301 29 149 283 315 442 252 612 205 798 722 320 304 62 968 391 708 843 610 388 369 695 73 803 147 988 455 340 445 891 977 745 919 478 379 585 919 631 549 476 780 270 795 84 331 762 474 38 956 435 425 324 481 849 126 627 836 932 318 280 822 295 376 93 124 755 677 42 737 225 517 868 494 663 0 575 244 51 679 453 555 36 962 341 910 841 735 609 
951 176 776 776 213 731 562 989 55 43 837 532 21 672 464 339 303 637 633 679 729 108 433 758 149 521 334 18 388 180 32 691 355 808 818 568 538 380 908 944 422 745 828 442 768 643 132 71 279 116 749 360 223 533 469 724 405 802 741 792 981 124 482 688 931 652 607 821 31 514 764 804 610 943 597 378 585 729 800 216 844 548 575 0 816 536 831 735 206 655 453 1 235 347 654 287 
67 432 395 790 836 196 882 979 529 5 813 216 288 464 822 108 494 687 223 649 297 166 245 674 750 325 473 317 169 372 891 587 155 285 728 990 833 961 968 361 965 780 928 252 595 101 711 88 139 934 736 435 99 333 460 200 657 284 517 177 7 759 115 161 396 842 502 228 154 822 940 471 953 219 74 548 671 785 987 809 718 75 244 816 0 327 789 123 535 223 244 606 83 107 338 480 
407 55 367 415 339 883 944 697 642 58 858 37 252 711 616 405 532 907 875 485 125 949 384 795 733 370 603 802 444 198 969 202 605 335 969 943 218 912 991 211 969 848 599 572 911 214 977 442 472 203 278 596 503 661 742 235 383 696 388 826 246 356 380 850 691 348 144 260 259 134 470 579 334 68 151 244 633 479 37 104 33 667 51 536 327 0 54 960 739 209 736 233 557 974 605 199 
144 122 61 839 510 239 84 865 618 285 555 965 428 814 575 914 635 153 247 54 655 842 686 485 878 141 518 544 543 53 223 686 174 283 877 683 521 312 548 490 597 454 454 376 620 380 289 606 885 535 660 539 728 697 24 606 190 893 501 732 945 75 418 118 358 294 153 230 605 52 720 553 857 525 929 476 905 217 82 789 104 93 679 831 789 54 0 193 184 653 831 934 955 666 399 560 
788 978 946 641 710 890 715 479 360 72 124 864 654 80 915 373 633 123 249 913 599 153 129 32 293 584 124 972 767 264 25 906 242 971 546 303 212 261 781 923 684 256 786 337 335 52 61 967 175 310 879 125 814 360 508 107 295 983 430 61 246 454 319 487 776 864 141 340 476 273 614 160 528 400 848 863 803 261 181 329 922 412 453 735 123 960 193 0 5 89 560 347 484 565 124 209 
417 942 622 830 540 428 148 378 555 363 519 894 839 791 508 998 319 259 197 533 413 457 713 742 378 124 546 465 246 858 657 15 151 631 196 690 410 343 68 964 705 938 210 895 728 69 244 398 679 441 930 91 249 995 832 979 470 730 443 716 587 451 82 737 433 277 427 842 971 846 158 27 783 367 922 510 435 165 260 113 957 541 555 206 535 739 184 5 0 758 120 118 331 852 775 386 
468 978 72 54 780 505 790 565 781 568 406 751 413 563 777 195 281 698 57 715 215 668 179 171 208 734 376 95 824 911 451 291 240 874 344 20 378 485 584 158 53 341 260 817 256 36 364 536 86 772 251 652 439 781 822 998 866 550 444 689 460 894 979 52 767 674 423 144 159 358 653 563 698 912 379 953 300 742 841 385 865 91 36 655 223 209 653 89 758 0 358 535 584 383 711 434 
96 129 570 342 108 621 108 133 43 252 291 400 904 853 449 168 584 754 467 677 594 203 542 36 238 196 258 798 200 698 556 648 179 125 989 638 97 96 770 491 699 61 242 955 265 690 122 200 795 588 877 388 790 770 775 379 317 33 176 517 82 83 164 260 559 504 897 655 599 19 145 298 79 738 604 695 428 725 247 574 312 123 962 453 244 736 831 560 120 358 0 518 569 803 219 158 
428 554 793 943 813 351 446 62 358 397 80 854 694 510 592 649 556 19 373 802 592 36 276 905 488 519 993 670 431 112 379 858 665 171 801 830 522 598 243 879 994 674 732 39 535 323 687 442 693 59 244 637 94 871 893 581 390 885 602 172 349 981 29 365 151 181 546 24 779 788 902 772 813 986 811 347 660 497 141 353 556 384 341 1 606 233 934 347 118 535 518 0 766 43 342 76 
818 867 547 182 18 727 728 41 857 867 295 629 680 280 439 378 939 935 518 643 842 253 983 843 211 568 776 557 37 662 75 854 529 973 35 546 51 762 938 908 629 584 536 660 215 326 389 154 260 907 148 454 511 483 296 721 50 423 278 86 84 704 939 964 676 325 861 726 87 799 633 67 382 520 726 949 845 466 102 457 372 601 910 235 83 557 955 484 331 584 569 766 0 616 557 639 
639 859 730 314 184 590 392 622 740 376 40 474 896 117 422 92 582 875 548 954 475 809 540 910 717 846 393 399 782 314 165 420 172 246 734 707 187 125 680 927 852 719 752 747 835 173 191 417 399 90 722 873 251 261 134 967 458 527 718 239 192 882 659 715 479 744 422 665 868 101 943 719 172 694 818 6 218 8 422 616 97 495 841 347 107 974 666 565 852 383 803 43 616 0 730 391 
461 758 446 204 531 110 423 983 405 494 154 98 663 512 668 670 285 283 118 780 123 817 886 449 834 802 652 568 605 695 535 417 804 980 973 334 441 747 668 845 240 174 295 902 685 962 923 969 244 393 100 719 561 986 519 394 787 170 313 743 216 847 512 19 178 484 704 618 230 724 815 822 897 109 75 581 70 350 901 665 742 1 735 654 338 605 399 124 775 711 219 342 557 730 0 4 
361 734 213 416 703 794 139 517 615 387 625 42 967 46 391 220 63 484 220 149 137 557 754 535 32 880 245 250 221 153 331 933 238 895 701 940 689 191 809 655 578 433 696 896 831 438 115 245 921 334 393 57 890 498 591 922 377 187 523 950 339 206 882 928 100 582 868 140 773 676 795 350 460 842 597 642 280 712 238 200 45 983 609 287 480 199 560 209 386 434 158 76 639 391 4 0 
30
19 45
47 70
49 2
32 54
93 2
18 79
9 41
36 88
30 58
64 84
74 63
59 34
8 52
7 59
51 53
22 37
1 68
74 17
69 74
70 34
75 88
80 51
96 19
42 29
45 10
16 22
40 42
23 47
94 29
73 16
